1221 1496 1 260
2685 2630 1 120
1214 1531 1 80
1193 1467 1 260
954 1533 1 70
949 1404 1 70
786 1379 1 260
1951 2087 1 0
945 1318 1 70
948 1378 1 70
843 886 1 80
1018 1294 1 80
1039 1287 1 260
963 913 1 260
950 1426 1 70
1016 632 1 210
977 1542 1 80
966 1448 1 260
2116 2031 1 80
1058 1316 1 80
1151 2686 1 0
2847 3092 1 260
862 1319 1 260
974 1337 1 80
591 1529 1 260
1230 1964 1 260
1707 2037 1 0
595 1552 1 260
2162 1847 1 0
879 1463 1 260
2490 2467 1 260
985 1301 1 80
1042 1488 1 260
1043 1506 1 260
676 1543 1 260
859 1989 1 170
1193 1487 1 260
2157 1894 1 0
1060 518 1 210
747 425 1 160
602 1448 1 260
573 1214 1 260
1076 1278 1 260
843 1355 1 260
1172 1429 1 260
2521 3022 1 80
1871 2399 1 0
1114 1359 1 80
1054 1480 1 80
808 1590 1 260
786 1364 1 260
1046 1328 1 60
1082 1321 1 80
961 1726 1 80
2920 2810 1 260
2474 2468 1 0
1049 1304 1 260
1078 1446 1 260
701 757 1 50
1906 1969 1 0
570 800 1 260
1130 1095 1 80
1051 1432 1 80
723 1344 1 80
1080 1483 1 80
610 1483 1 70
1141 1657 1 80
1217 1861 1 80
981 1422 1 260
842 376 1 350
607 1424 1 70
2498 2973 1 80
2179 2149 1 0
656 1336 1 80
725 373 1 170
1223 1605 1 260
914 938 1 240
1182 1338 1 80
2552 2795 1 80
880 1481 1 260
799 1221 1 80
1934 1950 1 0
1110 1590 1 80
1888 2827 1 0
799 1627 1 80
1025 1792 1 0
956 1305 1 260
747 1443 1 260
2358 1955 1 0
991 1249 1 70
2520 2936 1 80
653 1361 1 80
778 407 1 160
2417 2770 1 80
652 1756 1 260
1226 1687 1 80
841 372 1 350
633 1868 1 80
1249 2539 1 0
1157 1513 1 260
2767 3058 1 0
715 1717 1 350
1049 598 1 30
771 1434 1 260
1887 2373 1 0
1148 1429 1 260
1250 2557 1 0
1700 1970 1 0
887 1985 1 350
1749 2105 1 0
2723 2543 1 80
2632 3158 1 0
787 1667 1 80
1249 2310 1 0
1073 905 1 220
2579 2833 1 30
1019 1669 1 80
964 1190 1 260
1169 1380 1 260
858 1286 1 300
618 1707 1 80
2670 2738 1 120
1200 1646 1 260
1051 1380 1 80
1053 1401 1 260
2889 2625 1 170
690 355 1 340
931 2858 1 0
2100 2223 1 0
2501 2767 1 170
626 1300 1 70
988 1438 1 260
2192 2008 1 0
2288 2233 1 0
1127 1971 1 350
809 1379 1 260
706 406 1 250
1163 1342 1 60
543 2720 1 0
2292 2220 1 0
986 723 1 320
802 463 1 160
755 364 1 170
674 1265 1 250
753 1349 1 80
1176 1658 1 300
1183 1303 1 80
997 1671 1 260
1482 2712 1 0
617 1864 1 260
1112 460 1 260
712 1944 1 0
660 1619 1 260
1002 453 1 50
613 1867 1 260
1079 1320 1 80
589 1397 1 260
895 686 1 260
1878 2182 1 0
538 1105 1 240
630 1357 1 70
724 429 1 140
2234 1976 1 0
1167 1296 1 260
876 538 1 10
1969 2169 1 0
975 1167 1 350
531 889 1 230
1177 1287 1 80
1000 1328 1 80
1073 1679 1 80
1023 1108 1 120
996 1349 1 80
1069 452 1 260
2431 3060 1 30
1030 1260 1 260
975 1026 1 170
977 1317 1 260
885 1632 1 260
953 1503 1 70
2354 2115 1 0
967 2055 1 350
850 1085 1 270
565 996 1 60
795 2710 1 0
606 1707 1 260
758 403 1 180
2819 2545 1 80
1888 2255 1 0
2891 2952 1 0
502 991 1 0
1221 1671 1 80
2513 3189 1 0
879 478 1 250
1040 2710 1 0
2519 2732 1 350
2720 2572 1 80
794 724 1 80
785 1523 1 70
962 1318 1 260
2448 2803 1 300
812 365 1 170
883 1556 1 260
637 1444 1 70
695 1454 1 260
2222 2248 1 0
990 1567 1 260
2896 2661 1 300
2152 1819 1 0
1068 1141 1 50
958 1172 1 260
1112 1239 1 260
1524 2277 1 0
999 1581 1 80
1977 2053 1 0
835 1486 1 30
2396 2488 1 0
2267 2202 1 0
2495 2467 1 0
1096 1322 1 80
1943 2110 1 0
1101 1353 1 260
2146 3106 1 0
854 372 1 110
960 2694 1 0
688 1740 1 80
611 991 1 0
569 975 1 0
1972 1893 1 0
672 1435 1 260
571 1397 1 260
2801 2798 1 210
1218 2685 1 0
591 1332 1 260
2743 2606 1 300
405 603 1 260
494 2163 1 260
2616 3249 1 0
996 1579 1 80
1155 1400 1 80
581 875 1 190
658 894 1 220
1077 1242 1 260
1757 2730 1 0
1071 499 1 210
1151 1332 1 260
1048 1435 1 60
2292 1984 1 30
1121 780 1 60
2431 2517 1 350
902 377 1 330
1144 1430 1 260
995 2632 1 0
1729 1970 1 0
2628 2980 1 0
1221 1614 1 60
2581 2449 1 300
727 1591 1 80
1129 1235 1 280
2246 2036 1 0
1238 2481 1 0
1078 1604 1 80
1037 1952 1 0
1109 1282 1 30
1701 1988 1 0
1077 469 1 260
474 2038 1 80
775 1656 1 260
1223 1689 1 80
1150 1484 1 80
2518 2466 1 80
1201 1392 1 240
2630 2856 1 80
726 1205 1 260
1220 1460 1 250
2298 1877 1 0
692 2536 1 0
597 1986 1 80
1119 2394 1 0
676 1369 1 260
1080 1185 1 250
1620 2320 1 0
768 346 1 210
731 2449 1 0
653 2470 1 0
737 1374 1 80
1248 2154 1 0
569 1368 1 250
910 339 1 170
1007 1563 1 260
790 1762 1 260
657 1785 1 0
2410 3112 1 0
2410 2496 1 80
2849 2679 1 120
1020 1289 1 70
1083 2587 1 0
759 520 1 260
671 2554 1 0
959 1305 1 260
1027 1261 1 80
911 927 1 40
1836 3103 1 0
718 1856 1 30
815 388 1 150
599 1514 1 300
1052 1138 1 350
1409 2148 1 30
1910 2322 1 0
847 881 1 80
1340 2690 1 0
1108 2488 1 0
608 2737 1 0
1968 3010 1 0
681 404 1 200
718 836 1 240
1055 478 1 300
1069 780 1 220
995 2492 1 0
1550 2127 1 0
2527 3095 1 170
1589 2665 1 0
2124 2317 1 0
1139 1375 1 260
2475 2771 1 300
2424 3149 1 0
2700 2807 1 210
815 393 1 150
747 610 1 170
1049 831 1 70
2213 2178 1 0
695 753 1 50
984 1425 1 260
2812 3098 1 80
1210 1476 1 80
2892 2802 1 300
2852 2962 1 80
1060 1366 1 260
2314 3150 1 0
1053 427 1 210
976 2690 1 0
1131 1434 1 80
1048 1970 1 120
843 1205 1 260
1075 437 1 80
2552 3071 1 0
797 1971 1 0
811 1560 1 80
637 520 1 350
559 1046 1 60
622 1125 1 30
584 2125 1 0
762 376 1 170
2410 2999 1 350
1040 903 1 80
913 412 1 110
662 1080 1 320
2119 2272 1 0
918 1028 1 160
724 1815 1 0
1140 1223 1 280
1142 1138 1 80
1036 1227 1 80
1866 2719 1 0
995 1123 1 30
2254 3166 1 0
755 1364 1 80
1952 2308 1 0
2329 1999 1 120
1806 2867 1 0
1728 2325 1 0
1568 2203 1 0
561 1210 1 250
590 2395 1 0
998 1541 1 70
972 2325 1 0
2326 3103 1 0
2622 2547 1 0
1686 2916 1 0
507 1987 1 0
515 1850 1 0
1120 484 1 260
985 1836 1 0
550 1971 1 0
1561 3011 1 0
1215 1960 1 0
959 2387 1 0
809 2112 1 0
402 514 1 100
800 587 1 30
996 537 1 330
679 1436 1 80
1199 1342 1 260
1218 1292 1 270
484 860 1 50
1109 1688 1 260
2584 3249 1 0
2546 2941 1 0
1028 1790 1 0
1021 1358 1 80
720 1364 1 70
755 1117 1 350
1006 2621 1 0
1811 2027 1 0
824 1759 1 260
1128 1373 1 80
501 409 1 220
617 691 1 20
966 2314 1 0
2262 3262 1 0
1077 1412 1 260
551 1773 1 0
1003 2081 1 0
2721 2787 1 210
2544 3231 1 0
803 2718 1 0
1190 1964 1 0
820 2137 1 0
2039 2613 1 0
776 1430 1 60
669 1032 1 350
682 384 1 100
2692 2822 1 80
1882 2195 1 0
1069 1863 1 350
1910 3025 1 0
473 417 1 210
1124 484 1 260
557 899 1 50
922 1625 1 0
729 592 1 200
761 1482 1 80
933 1907 1 350
2527 3114 1 350
846 2045 1 350
1754 2412 1 0
1092 1943 1 0
781 1730 1 0
737 741 1 200
1696 3064 1 0
1150 1856 1 30
1497 2188 1 0
883 1832 1 260
1147 1462 1 260
2530 3117 1 0
731 2679 1 0
877 2770 1 0
1117 2090 1 0
801 1465 1 70
852 410 1 190
1679 2879 1 0
1043 2006 1 0
943 1253 1 260
1899 2030 1 0
1046 971 1 240
1584 2576 1 0
1024 1870 1 80
2349 2553 1 30
1220 1858 1 80
1134 1378 1 260
2626 3134 1 0
1047 1233 1 80
866 1381 1 260
711 1234 1 260
1732 2653 1 0
743 1067 1 220
1242 2083 1 0
2731 2498 1 210
689 1399 1 80
1063 1454 1 80
955 1171 1 270
733 1212 1 70
1420 2173 1 30
2601 3189 1 0
692 822 1 50
1823 2330 1 0
918 1786 1 0
1158 1792 1 350
2095 2056 1 0
1338 2867 1 0
1329 2921 1 0
2353 1933 1 0
970 2650 1 0
581 948 1 350
696 1095 1 310
1663 2370 1 0
1259 733 1 260
1562 2208 1 0
1067 821 1 50
1852 3127 1 0
2237 2938 1 0
539 2495 1 0
1120 1457 1 300
1492 2630 1 0
581 1991 1 0
1046 2527 1 0
1089 1870 1 0
2302 2046 1 0
2125 2030 1 300
909 2075 1 0
1039 1287 1 80
1042 1488 1 80
859 1989 1 350
1114 1359 1 260
1046 1328 1 260
961 1726 1 260
723 1344 1 260
1080 1483 1 260
981 1422 1 80
607 1424 1 260
2498 2973 1 120
2579 2833 1 210
858 1286 1 260
1053 1401 1 60
1053 1401 1 270
626 1300 1 80
809 1379 1 240
1163 1342 1 240
589 1397 1 80
724 429 1 130
531 889 1 240
1069 452 1 210
812 365 1 140
812 365 1 200
812 365 1 210
812 365 1 270
812 365 1 280
2896 2661 1 350
958 1172 1 270
611 991 1 10
569 975 1 20
581 875 1 180
1121 780 1 50
1121 780 1 80
902 377 1 150
775 1656 1 300
2630 2856 1 120
569 1368 1 260
759 520 1 230
1409 2148 1 210
718 836 1 230
1055 478 1 260
747 610 1 180
2892 2802 1 120
1075 437 1 230
1075 437 1 260
637 520 1 20
637 520 1 190
637 520 1 210
559 1046 1 350
762 376 1 0
762 376 1 350
913 412 1 120
1140 1223 1 290
996 537 1 280
996 537 1 300
996 537 1 320
1218 1292 1 80
755 1117 1 80
501 409 1 210
776 1430 1 70
682 384 1 80
682 384 1 120
682 384 1 150
2692 2822 1 350
737 741 1 190
1046 971 1 250
2731 2498 1 30
955 1171 1 280
1158 1792 1 80
696 1095 1 280
696 1095 1 350
