1580 2292 1 260
586 1488 1 250
652 1384 1 80
1118 1929 1 260
949 1403 1 70
1002 1365 1 260
1962 3093 1 350
632 1423 1 70
2616 2539 1 350
1074 1635 1 260
761 1495 1 80
985 1519 1 80
950 2234 1 120
808 1774 1 260
933 1204 1 250
1114 1398 1 80
963 1345 1 260
1096 1601 1 80
1165 1409 1 80
1032 1318 1 80
1770 2961 1 30
463 1936 1 80
930 2294 1 80
1021 2380 1 210
778 1952 1 260
619 1208 1 260
2172 3068 1 350
1745 2850 1 80
720 1989 1 240
2802 3130 1 150
2386 2615 1 350
2437 2898 1 90
781 1703 1 260
859 915 1 100
836 1874 1 260
2001 2959 1 80
758 1437 1 80
1789 3034 1 210
1202 2787 1 80
790 1541 1 250
833 1665 1 260
1777 2405 1 0
664 1734 1 80
624 1406 1 250
1108 1411 1 260
1177 2368 1 260
1058 1161 1 320
1917 2401 1 0
1995 2249 1 30
856 1932 1 260
1567 2705 1 170
1156 473 1 210
1004 1260 1 260
1299 2784 1 350
2389 2976 1 30
954 2446 1 300
1170 2329 1 80
2469 2953 1 60
1020 1330 1 80
849 1458 1 260
1194 1894 1 260
838 2098 1 300
1190 1242 1 80
725 1436 1 250
1834 2168 1 300
2664 3081 1 10
1072 1429 1 80
816 2730 1 170
743 1635 1 80
2611 3097 1 330
2387 2887 1 30
620 1349 1 250
2138 1941 1 0
489 717 1 170
1027 1729 1 80
1012 1457 1 80
1221 1877 1 260
564 2136 1 120
695 1486 1 70
957 409 1 110
826 1425 1 260
2459 3022 1 230
615 2244 1 300
1109 1252 1 90
1907 2108 1 80
1168 1593 1 80
1126 449 1 210
2161 2815 1 170
1969 2069 1 0
490 2333 1 240
649 1595 1 260
970 2236 1 350
1071 1215 1 80
725 417 1 170
1204 1534 1 260
2490 3080 1 310
772 2515 1 170
704 1586 1 80
814 1944 1 240
1821 2406 1 80
1672 2886 1 350
1058 1316 1 260
2193 2006 1 260
558 765 1 200
574 1875 1 70
679 734 1 80
1440 2788 1 120
1156 1708 1 80
1132 2641 1 260
765 2178 1 80
786 1598 1 70
950 1426 1 70
2531 3134 1 300
1048 1413 1 80
1790 1998 1 0
2818 3078 1 80
1041 1607 1 80
1822 2998 1 350
832 1649 1 260
786 1417 1 250
964 1188 1 260
591 1327 1 250
1166 2146 1 80
2263 2256 1 0
1803 2322 1 0
651 1693 1 60
643 814 1 20
2441 2938 1 350
867 1406 1 260
2468 2994 1 170
684 1817 1 350
852 2489 1 80
1077 2509 1 260
527 2759 1 80
982 1176 1 350
1052 2362 1 120
2899 2889 1 120
2350 1982 1 300
1102 783 1 260
2366 2579 1 50
1406 2681 1 300
2679 2568 1 350
1005 1510 1 260
798 1746 1 70
764 1559 1 260
1049 1105 1 160
658 2677 1 350
2054 2181 1 0
790 428 1 160
1830 2631 1 300
1243 747 1 260
1135 1344 1 80
780 346 1 170
812 836 1 200
866 1554 1 260
2020 1994 1 0
2200 3132 1 350
2648 2819 1 100
1005 2849 1 30
853 1576 1 260
568 1350 1 250
1957 2083 1 260
2527 3187 1 170
709 1397 1 80
1017 421 1 120
1106 442 1 260
1176 1425 1 90
2887 2974 1 80
1052 1544 1 80
672 2793 1 120
1823 2820 1 350
861 2576 1 80
1723 2760 1 210
1233 2432 1 80
1158 1657 1 70
1064 1484 1 80
1845 2430 1 170
886 562 1 210
2159 2764 1 260
1730 2110 1 30
1051 2178 1 300
1788 1930 1 0
881 1660 1 260
790 2277 1 170
836 1034 1 190
1567 2178 1 0
760 1285 1 80
1149 602 1 260
1186 1406 1 260
1194 2911 1 120
1110 2603 1 350
2470 3095 1 320
480 1957 1 260
765 1661 1 80
1051 1416 1 60
1109 2516 1 80
686 1400 1 80
1211 1939 1 270
1053 2365 1 120
2185 2325 1 0
1153 765 1 30
1544 2727 1 170
791 1018 1 260
790 1458 1 260
762 427 1 140
1648 2701 1 170
482 1977 1 260
1173 1698 1 260
1078 472 1 260
1212 1478 1 80
757 344 1 160
460 804 1 10
546 691 1 180
482 2091 1 290
2516 3111 1 70
531 2109 1 300
2265 2231 1 0
721 2363 1 120
1135 1380 1 260
2399 2646 1 350
1774 2563 1 170
923 460 1 270
661 2732 1 350
1677 2101 1 0
839 2222 1 350
816 2808 1 170
1132 1613 1 250
816 2709 1 350
625 2133 1 80
2577 2544 1 230
882 878 1 100
625 2709 1 80
2256 3024 1 80
685 2352 1 80
927 643 1 350
2522 3024 1 180
803 1488 1 70
1059 1673 1 270
1333 3001 1 170
712 1087 1 290
2271 3026 1 80
1761 2843 1 120
1079 1488 1 80
1122 2554 1 260
1159 494 1 260
1077 2857 1 350
1204 1425 1 70
636 2738 1 340
787 1668 1 70
1010 2186 1 260
1663 3061 1 170
2189 2204 1 0
2568 2519 1 260
1061 1472 1 260
2241 2174 1 350
1142 738 1 80
2566 2666 1 300
1782 2394 1 0
1012 1866 1 260
2400 2899 1 190
1914 2010 1 120
2494 2907 1 70
757 2721 1 350
1738 1979 1 0
1053 2676 1 300
693 2179 1 350
2303 2146 1 260
583 1365 1 250
862 734 1 20
698 1415 1 80
1030 1348 1 80
714 2742 1 80
1160 1902 1 260
1206 2170 1 80
712 1399 1 250
840 1528 1 260
598 1357 1 60
2231 3019 1 350
650 859 1 240
1177 1358 1 80
992 1845 1 260
748 1461 1 250
784 1513 1 80
1167 1757 1 70
1110 1552 1 80
1003 1715 1 260
2174 2111 1 350
576 2152 1 260
819 2864 1 170
861 1253 1 80
586 2467 1 80
1253 2311 1 260
773 2204 1 80
1885 2117 1 80
2593 2913 1 0
661 2262 1 300
1526 3047 1 170
748 2624 1 120
1667 2324 1 350
2079 1927 1 260
601 916 1 240
665 1641 1 260
739 1447 1 90
1113 1315 1 80
2082 3138 1 260
1077 1624 1 80
797 1927 1 80
1305 2909 1 120
1198 1333 1 250
663 1403 1 80
1582 2941 1 300
657 1225 1 80
2378 2520 1 350
1637 2326 1 300
1148 1504 1 80
1064 1347 1 80
1192 2444 1 280
581 2610 1 300
625 2265 1 260
966 1344 1 250
2676 2714 1 50
1907 2203 1 0
1161 868 1 270
1127 2178 1 260
764 2841 1 170
2456 2493 1 320
963 2302 1 170
499 667 1 280
2137 2072 1 80
1073 1411 1 80
1131 2439 1 80
635 1422 1 70
616 1578 1 250
880 2589 1 260
636 1434 1 70
1083 1795 1 80
611 2241 1 100
520 2247 1 80
767 414 1 160
701 1420 1 80
1878 2425 1 170
2375 3153 1 350
1270 2628 1 0
590 2253 1 80
835 2096 1 280
2733 3169 1 220
2600 3009 1 260
1164 1683 1 260
1050 1849 1 50
1169 2551 1 260
1705 2102 1 80
2400 2577 1 260
975 2035 1 350
1124 2640 1 80
1176 2678 1 80
1685 2867 1 350
1628 2241 1 30
950 2351 1 260
510 657 1 50
922 943 1 260
1576 2215 1 0
1313 2736 1 210
1043 1309 1 80
675 1321 1 260
2564 2545 1 220
1153 2326 1 260
2805 2850 1 350
1956 3173 1 170
901 1175 1 290
1212 2477 1 300
714 2562 1 260
1208 2376 1 30
1209 2271 1 270
749 1472 1 250
873 2463 1 280
1618 2657 1 260
1009 1304 1 260
1631 2175 1 350
662 2715 1 80
1094 2860 1 300
805 2377 1 260
2407 3143 1 80
939 376 1 190
690 2177 1 350
1158 1877 1 250
664 2468 1 80
923 2772 1 260
2664 3171 1 10
505 883 1 260
801 1927 1 80
1083 2031 1 350
585 2193 1 300
1217 1392 1 70
648 2766 1 170
1154 1991 1 300
1864 2872 1 300
1138 1204 1 260
843 532 1 20
669 2086 1 210
614 1231 1 80
1035 436 1 260
790 1741 1 250
1155 494 1 260
577 2678 1 350
826 2113 1 100
916 361 1 120
993 1378 1 80
694 2698 1 300
2248 3046 1 300
1882 2753 1 210
1825 2442 1 0
1028 1604 1 80
1118 1944 1 250
1623 2267 1 300
1889 2117 1 80
580 1364 1 260
799 2585 1 80
522 1914 1 30
2235 2213 1 0
673 1704 1 260
991 1497 1 260
2095 2014 1 80
565 849 1 240
2693 2689 1 280
2502 2971 1 120
787 1562 1 70
966 1997 1 170
2476 3154 1 170
1008 2729 1 30
713 1644 1 260
802 2671 1 80
2466 3213 1 300
1156 1586 1 80
1530 3052 1 350
600 2113 1 120
1918 2030 1 260
1051 1429 1 80
1207 1541 1 260
698 1978 1 90
1241 2640 1 240
616 1608 1 250
1708 2311 1 0
916 1204 1 260
1034 2342 1 280
855 1475 1 250
2173 2951 1 350
1332 2868 1 300
739 2742 1 350
1145 2732 1 300
908 786 1 200
601 1361 1 70
2377 2678 1 350
1192 1359 1 70
1150 2706 1 350
594 2698 1 30
977 1903 1 80
1412 2988 1 260
705 597 1 90
477 835 1 260
835 2029 1 350
968 632 1 220
1138 2933 1 120
722 355 1 120
988 1448 1 260
2247 2975 1 80
2356 2026 1 0
1639 2148 1 0
990 2667 1 260
1063 2138 1 260
1190 2886 1 80
1992 1947 1 300
945 1331 1 70
799 2057 1 340
613 1061 1 340
1901 2019 1 120
1721 2748 1 120
620 2484 1 260
1973 2344 1 0
2600 2868 1 220
1208 2552 1 300
2514 2482 1 80
794 1729 1 80
710 1485 1 250
2234 3130 1 170
1882 3036 1 260
1105 1207 1 270
630 766 1 30
1075 497 1 240
1452 2160 1 0
2218 3130 1 170
848 1638 1 260
588 2170 1 260
563 2412 1 80
2406 2617 1 40
1791 2672 1 30
489 964 1 220
596 582 1 230
797 679 1 130
2618 3037 1 280
831 2435 1 260
632 1423 1 240
933 1204 1 260
1114 1398 1 260
1021 2380 1 30
1021 2380 1 260
2172 3068 1 300
2437 2898 1 80
664 1734 1 250
1567 2705 1 300
1299 2784 1 30
1170 2329 1 30
838 2098 1 260
725 1436 1 70
620 1349 1 70
957 409 1 80
615 2244 1 80
615 2244 1 170
1109 1252 1 240
1109 1252 1 260
1168 1593 1 260
1168 1593 1 270
2161 2815 1 120
970 2236 1 80
725 417 1 190
2490 3080 1 30
2490 3080 1 350
558 765 1 210
2531 3134 1 250
651 1693 1 50
643 814 1 30
2679 2568 1 80
764 1559 1 80
764 1559 1 250
790 428 1 0
790 428 1 170
2648 2819 1 130
2648 2819 1 160
2648 2819 1 260
2648 2819 1 270
1845 2430 1 300
790 2277 1 260
1194 2911 1 300
480 1957 1 250
1648 2701 1 120
1173 1698 1 250
721 2363 1 300
2399 2646 1 260
2577 2544 1 80
2256 3024 1 30
927 643 1 0
927 643 1 290
803 1488 1 60
712 1087 1 310
1142 738 1 60
714 2742 1 120
714 2742 1 260
576 2152 1 280
2593 2913 1 10
2593 2913 1 20
2593 2913 1 30
2593 2913 1 40
1582 2941 1 170
625 2265 1 170
966 1344 1 260
764 2841 1 210
764 2841 1 260
636 1434 1 80
520 2247 1 30
767 414 1 170
1176 2678 1 90
1685 2867 1 80
675 1321 1 270
1153 2326 1 80
1956 3173 1 210
1618 2657 1 210
690 2177 1 330
505 883 1 250
1217 1392 1 80
648 2766 1 120
1864 2872 1 350
843 532 1 10
669 2086 1 80
916 361 1 130
2248 3046 1 80
991 1497 1 250
2693 2689 1 270
2502 2971 1 110
1008 2729 1 350
1207 1541 1 250
698 1978 1 260
1192 1359 1 80
1138 2933 1 300
990 2667 1 80
1190 2886 1 350
2218 3130 1 120
1791 2672 1 350
489 964 1 40
