629 1761 1 260
638 1638 1 80
947 1029 1 170
953 1471 1 70
1122 1207 1 260
1055 899 1 210
2443 2845 1 160
745 1762 1 90
940 1224 1 80
868 1467 1 240
1216 1431 1 80
934 1197 1 260
1004 1365 1 80
653 1794 1 260
686 1646 1 250
1166 1408 1 80
2001 3085 1 170
607 1730 1 260
2090 3118 1 170
963 1340 1 260
866 1910 1 80
1072 1214 1 80
823 2731 1 170
1054 1819 1 260
2401 2667 1 80
1801 3100 1 170
744 1332 1 260
1382 3072 1 300
2257 3024 1 120
716 1667 1 240
2815 3170 1 300
1146 1464 1 260
633 1421 1 250
1505 3146 1 300
1080 1488 1 80
552 959 1 60
1891 2696 1 120
2664 3080 1 10
900 2860 1 260
1044 808 1 350
826 2397 1 350
472 1949 1 250
1731 3156 1 350
1005 1326 1 250
2445 3040 1 150
2709 2782 1 300
1369 2921 1 120
1005 1260 1 260
2491 3079 1 300
2370 2734 1 120
1655 2950 1 80
955 1531 1 70
2547 2725 1 170
1478 3145 1 300
1634 2781 1 260
983 1175 1 0
1568 3026 1 120
826 1962 1 80
1035 1739 1 80
978 1537 1 80
837 1485 1 260
705 2014 1 150
1042 1602 1 70
2217 3047 1 260
1947 2057 1 120
1024 1788 1 60
1841 2702 1 120
960 1234 1 340
616 2243 1 170
997 1351 1 80
533 1049 1 240
1299 3020 1 210
908 2834 1 300
1177 2678 1 80
930 2074 1 80
959 1960 1 280
1901 2020 1 260
2603 3282 1 260
2272 3025 1 300
1112 1757 1 260
783 1881 1 260
1576 2339 1 0
779 1951 1 240
2108 2949 1 80
2722 2741 1 80
733 1847 1 260
2642 3248 1 80
804 2060 1 340
972 1717 1 260
2202 3131 1 350
1053 2362 1 120
1115 1358 1 80
1863 2325 1 0
1123 1903 1 60
1041 2634 1 120
841 2884 1 300
1761 2117 1 0
1738 2871 1 120
896 574 1 200
1836 2453 1 0
860 2025 1 80
602 914 1 240
1267 2472 1 260
965 2187 1 260
1018 1481 1 260
862 746 1 70
651 1534 1 250
831 913 1 50
2388 3204 1 260
621 2007 1 260
1177 1664 1 260
885 2059 1 160
733 1829 1 100
2486 3177 1 170
1825 2120 1 260
1020 1532 1 260
1092 2083 1 350
934 1906 1 330
1846 2414 1 170
1017 1545 1 250
819 2835 1 80
735 2066 1 350
1216 1816 1 80
1065 1481 1 80
1081 1539 1 270
817 1910 1 260
2479 3353 1 80
2772 3019 1 300
2057 3116 1 260
483 1974 1 260
1864 2389 1 0
2131 2955 1 350
2288 2048 1 0
2063 3213 1 260
758 1913 1 250
1958 2689 1 170
2559 2758 1 340
1351 3019 1 170
518 2331 1 80
512 2154 1 120
469 632 1 90
996 1635 1 240
468 1967 1 80
940 2703 1 350
2235 2198 1 170
983 2687 1 170
817 2709 1 350
858 2514 1 120
1210 2850 1 300
1065 1770 1 260
810 2945 1 30
1021 1313 1 70
602 2572 1 80
1918 2402 1 0
512 762 1 280
2027 1999 1 210
1807 2883 1 170
952 686 1 50
1600 2366 1 170
2867 2845 1 80
984 2608 1 350
866 921 1 220
868 1407 1 260
1116 1245 1 240
1997 3069 1 350
2550 2977 1 330
1103 1859 1 80
1770 2659 1 350
2128 2983 1 350
738 1278 1 250
1006 1276 1 260
840 1531 1 80
1840 3084 1 350
1117 1943 1 250
1652 2834 1 120
2225 3153 1 120
1074 1410 1 80
1200 1688 1 260
867 2247 1 80
929 2050 1 350
786 2705 1 300
1038 848 1 10
2497 3097 1 210
1192 1911 1 270
990 1501 1 260
557 2711 1 300
1900 2113 1 170
860 2436 1 300
886 1902 1 260
2593 3315 1 260
645 775 1 20
2775 2901 1 260
1544 2271 1 350
976 2182 1 170
768 2056 1 350
1180 2170 1 120
1194 2132 1 260
2225 3210 1 170
1121 2574 1 300
1009 1904 1 80
1547 2914 1 350
2799 2947 1 260
2157 3033 1 170
1043 1650 1 80
917 1203 1 260
1031 729 1 300
820 1207 1 260
559 2535 1 350
781 694 1 110
958 2312 1 300
1664 2133 1 350
2695 2864 1 260
529 1047 1 240
1947 2087 1 80
2532 2816 1 170
2000 3027 1 30
713 2602 1 80
1160 1151 1 290
1838 2241 1 120
785 2862 1 210
787 1363 1 250
1673 2267 1 0
2807 2589 1 300
1955 3189 1 170
1226 2499 1 80
1549 2966 1 150
861 2748 1 80
1801 2872 1 170
913 2221 1 80
719 2361 1 260
609 1610 1 260
1592 2198 1 0
2690 2768 1 10
2174 1998 1 260
1236 3070 1 80
693 1701 1 260
673 2697 1 300
967 2820 1 300
575 2217 1 170
1009 1325 1 250
2683 3293 1 170
2470 3095 1 320
2028 2964 1 80
769 1380 1 250
1001 1589 1 70
2394 2639 1 120
828 2269 1 120
1029 2101 1 100
840 2348 1 120
685 1631 1 260
908 2439 1 80
2507 2611 1 220
798 678 1 140
783 1177 1 340
1218 1387 1 80
751 1374 1 80
1208 2601 1 80
1610 3073 1 120
683 1351 1 250
1001 2352 1 260
2717 3239 1 300
1170 2194 1 170
630 2825 1 120
2238 3108 1 80
1151 2990 1 170
523 2602 1 260
970 1524 1 260
1090 2829 1 260
970 516 1 330
963 692 1 240
1841 2315 1 0
801 2842 1 80
784 1643 1 260
973 2558 1 170
1785 2424 1 0
842 2741 1 80
1040 2710 1 150
891 2199 1 140
814 2182 1 170
1687 2463 1 0
981 750 1 350
1014 2171 1 120
584 1364 1 250
1167 2635 1 300
1092 1379 1 70
1004 843 1 20
573 2680 1 300
2378 2706 1 120
1241 2639 1 240
996 1463 1 60
543 2756 1 170
668 2470 1 80
2209 2951 1 170
1641 2297 1 170
2194 3115 1 120
1107 2003 1 300
715 1323 1 260
528 2760 1 80
1421 2892 1 170
1222 2711 1 80
2376 3359 1 300
2019 2713 1 170
2160 1989 1 260
947 589 1 20
2054 2239 1 0
579 2405 1 120
2443 2661 1 170
1169 2551 1 260
1573 2935 1 120
2495 2803 1 320
912 1217 1 80
1043 1158 1 170
809 2368 1 300
1123 1361 1 70
2853 2968 1 350
1604 3120 1 350
1000 1475 1 300
1916 2527 1 120
817 2772 1 120
1084 2639 1 280
809 1348 1 260
1891 2428 1 120
2442 2923 1 180
1034 1781 1 70
548 2826 1 300
582 2609 1 300
2418 2926 1 20
2309 3323 1 350
813 1984 1 60
590 2192 1 30
459 576 1 310
683 2598 1 80
2244 2319 1 0
1232 2384 1 350
2458 2561 1 260
728 711 1 250
1112 2565 1 120
1500 3051 1 210
778 1232 1 70
630 2279 1 80
2099 3295 1 350
2096 2014 1 0
2464 3117 1 270
708 1187 1 340
1330 3006 1 120
1104 564 1 210
2193 2011 1 260
1271 752 1 50
1216 1958 1 260
2458 2639 1 10
1225 1886 1 260
763 1899 1 60
1877 2430 1 260
1081 915 1 210
880 2516 1 260
1027 2575 1 300
2183 2235 1 0
851 1697 1 260
2460 2791 1 10
1986 3262 1 350
1075 2548 1 260
1457 3042 1 260
808 746 1 270
1615 2270 1 300
656 1348 1 80
702 2327 1 260
1012 1970 1 260
2417 2619 1 230
2489 2766 1 60
1189 2090 1 120
1983 2378 1 0
1940 2876 1 170
1081 2940 1 170
1017 1318 1 70
624 2732 1 150
863 953 1 0
1209 2138 1 350
594 2689 1 120
664 723 1 340
920 2461 1 170
984 2512 1 80
795 1728 1 80
2672 3177 1 80
791 1759 1 250
809 2891 1 300
1149 2453 1 80
702 2518 1 260
725 2376 1 260
1025 1981 1 350
758 2128 1 120
700 2077 1 340
1024 1202 1 80
523 2686 1 270
775 2023 1 330
1055 2439 1 170
1918 2031 1 260
739 2738 1 170
785 1855 1 80
1093 1560 1 80
1773 2519 1 260
581 1366 1 260
611 1121 1 270
2031 2919 1 80
703 2303 1 140
1161 2484 1 300
955 2531 1 170
649 916 1 10
2871 2924 1 350
1175 2018 1 350
2502 3136 1 310
877 2157 1 90
639 1468 1 70
746 867 1 340
1199 1996 1 40
984 1159 1 340
648 2282 1 80
1161 2508 1 80
1093 2878 1 300
2133 2148 1 120
1061 2377 1 120
679 2600 1 80
1142 1225 1 280
2193 3195 1 30
1137 1652 1 250
501 761 1 210
2199 2379 1 0
573 2234 1 100
1386 2772 1 170
1537 2226 1 260
785 631 1 240
1056 1131 1 210
1554 2239 1 260
1122 1497 1 260
1106 1329 1 260
1717 2213 1 80
1604 2651 1 350
1130 2280 1 280
575 2695 1 210
1888 3112 1 210
922 2431 1 120
877 2273 1 350
2032 3016 1 300
2565 2743 1 160
1899 2338 1 0
843 2028 1 330
1915 3179 1 170
743 1819 1 80
606 2571 1 100
2276 3352 1 350
1077 1488 1 80
598 2693 1 80
628 1713 1 260
1117 1920 1 250
2221 3280 1 170
1196 665 1 30
2602 2869 1 220
800 2584 1 120
578 2677 1 350
1680 2394 1 0
812 2186 1 210
2345 2011 1 170
2290 2191 1 300
1592 2423 1 0
561 2089 1 330
1889 2092 1 120
674 2514 1 260
924 2772 1 260
956 1901 1 290
1507 2761 1 260
639 1607 1 260
2509 3312 1 170
1164 2477 1 300
1802 2366 1 0
638 1449 1 70
553 2524 1 300
749 1466 1 250
2404 2578 1 260
1098 2510 1 30
1097 2436 1 300
860 2364 1 110
1171 1269 1 280
749 2360 1 350
669 900 1 230
996 2169 1 10
792 2280 1 120
798 1926 1 80
1499 2292 1 350
960 1285 1 80
998 1413 1 260
541 2147 1 300
686 1516 1 80
854 2764 1 350
1283 2884 1 300
2292 3210 1 350
1518 2437 1 0
946 2669 1 120
645 2667 1 170
2689 3192 1 350
755 2089 1 320
1205 2551 1 260
629 1761 1 80
2443 2845 1 150
2001 3085 1 80
2001 3085 1 300
2257 3024 1 80
552 959 1 340
1891 2696 1 260
1044 808 1 10
1731 3156 1 260
2709 2782 1 10
2491 3079 1 350
1634 2781 1 300
826 1962 1 240
978 1537 1 260
1042 1602 1 260
1024 1788 1 70
1299 3020 1 170
2272 3025 1 80
2272 3025 1 350
783 1881 1 230
779 1951 1 260
804 2060 1 160
1053 2362 1 80
1115 1358 1 70
1115 1358 1 260
1123 1903 1 80
1123 1903 1 260
1041 2634 1 80
896 574 1 260
860 2025 1 350
885 2059 1 340
733 1829 1 80
733 1829 1 120
483 1974 1 250
1958 2689 1 120
468 1967 1 60
2235 2198 1 120
512 762 1 290
1807 2883 1 80
952 686 1 220
1116 1245 1 250
2550 2977 1 320
2128 2983 1 80
1074 1410 1 70
2497 3097 1 200
557 2711 1 350
886 1902 1 270
1043 1650 1 90
1043 1650 1 100
2000 3027 1 120
713 2602 1 170
787 1363 1 260
861 2748 1 30
861 2748 1 120
1801 2872 1 260
913 2221 1 350
2394 2639 1 80
828 2269 1 80
1029 2101 1 120
840 2348 1 140
685 1631 1 80
798 678 1 130
1610 3073 1 170
2717 3239 1 210
2717 3239 1 260
1170 2194 1 120
1090 2829 1 210
970 516 1 20
814 2182 1 350
981 750 1 0
1014 2171 1 80
1004 843 1 30
1241 2639 1 80
1241 2639 1 120
1241 2639 1 230
1641 2297 1 210
2376 3359 1 350
1043 1158 1 0
1043 1158 1 30
1043 1158 1 220
809 2368 1 260
2853 2968 1 300
2418 2926 1 0
459 576 1 90
728 711 1 10
1271 752 1 30
763 1899 1 260
1189 2090 1 80
664 723 1 0
2672 3177 1 350
1024 1202 1 70
611 1121 1 290
2031 2919 1 120
2031 2919 1 170
1161 2484 1 260
955 2531 1 120
877 2157 1 80
648 2282 1 120
1093 2878 1 350
2193 3195 1 350
1554 2239 1 300
1106 1329 1 250
575 2695 1 260
606 2571 1 80
2221 3280 1 120
1889 2092 1 80
1097 2436 1 260
1171 1269 1 80
749 2360 1 260
749 2360 1 300
798 1926 1 300
998 1413 1 60
1283 2884 1 170
1283 2884 1 260
