1247 1793 1 260
2161 2252 1 310
2890 2823 1 210
1664 2409 1 170
1845 2180 1 80
2482 3240 1 30
2817 3113 1 80
885 1441 1 80
626 1075 1 240
2019 2310 1 300
2084 1974 1 80
2452 2905 1 280
2587 2872 1 150
2573 2815 1 170
2605 2847 1 310
1854 2301 1 80
2192 2385 1 170
2903 3010 1 260
1267 2185 1 260
1156 1073 1 350
1614 2398 1 0
2568 2632 1 300
566 1180 1 170
2528 2995 1 330
1689 2184 1 260
2000 2193 1 110
1194 1015 1 300
895 1676 1 80
712 1336 1 170
466 758 1 100
1794 2183 1 300
811 1090 1 350
485 866 1 330
2835 2620 1 220
1691 2260 1 210
1869 2395 1 260
1251 806 1 260
944 1610 1 80
2365 3276 1 260
2158 2249 1 320
605 1060 1 330
2573 3131 1 40
1246 1812 1 260
2010 2207 1 260
1801 2555 1 350
2037 2189 1 80
928 618 1 350
457 850 1 80
2866 2964 1 320
584 1323 1 320
2013 2206 1 260
788 829 1 200
2839 3165 1 200
2274 2296 1 170
1354 871 1 260
628 2207 1 350
1484 2713 1 300
1954 2739 1 80
2778 2775 1 200
1295 723 1 300
2213 2148 1 170
2807 3227 1 120
499 2134 1 80
1817 2046 1 260
1524 2206 1 30
1832 2118 1 120
1955 2212 1 260
2918 2987 1 260
658 724 1 350
610 931 1 20
2402 2934 1 80
2893 3168 1 300
2641 3147 1 300
1601 2900 1 120
2526 3029 1 280
1873 2363 1 120
1440 2188 1 300
1386 2710 1 120
1970 2294 1 170
1774 2165 1 300
482 702 1 320
682 761 1 190
1736 2350 1 300
2594 2628 1 260
2292 3071 1 260
541 742 1 270
2438 2747 1 260
1470 2748 1 260
1891 2458 1 350
2816 2733 1 80
1262 605 1 170
646 871 1 140
686 1124 1 0
753 1329 1 350
2834 3131 1 310
1783 2632 1 350
890 1549 1 260
1721 2191 1 10
2350 3126 1 300
1126 2669 1 260
1342 2925 1 120
1945 3122 1 300
1668 2929 1 300
1024 423 1 120
687 2139 1 170
1190 1218 1 230
1837 2674 1 120
1637 2917 1 120
1259 2734 1 260
2091 2076 1 80
2759 3111 1 330
1033 788 1 20
1282 2297 1 170
573 1817 1 80
784 1184 1 320
1726 2171 1 260
2847 2925 1 110
1754 2202 1 300
1888 2378 1 170
2307 3142 1 170
1261 723 1 230
2602 2796 1 350
2114 2873 1 300
1075 680 1 30
802 2873 1 30
438 736 1 100
609 599 1 350
2088 1991 1 50
1432 2898 1 170
1807 2713 1 120
1073 431 1 120
2466 2583 1 350
2692 2932 1 20
2655 2895 1 330
1798 2185 1 300
448 707 1 120
1228 2986 1 260
1274 3016 1 170
1766 2784 1 350
2070 3043 1 80
2128 2077 1 300
1679 2668 1 30
2139 2774 1 120
966 542 1 10
493 909 1 330
2030 2107 1 140
1783 2921 1 120
1886 3168 1 30
1447 2846 1 170
2143 1926 1 120
2579 3049 1 300
1438 2769 1 350
1943 2982 1 260
2256 2898 1 300
934 2523 1 300
887 1485 1 80
2215 3103 1 210
1735 2288 1 120
771 827 1 0
2167 2856 1 80
614 1227 1 170
742 751 1 330
890 2347 1 300
1583 2948 1 120
776 2833 1 350
2222 3277 1 210
1307 2897 1 350
713 2864 1 300
580 701 1 260
1016 2917 1 210
1546 2894 1 170
1713 2356 1 300
859 756 1 240
1722 2306 1 300
1754 2984 1 300
966 2281 1 120
1861 2011 1 170
1332 861 1 260
1735 2215 1 210
2192 3141 1 210
947 1307 1 350
2599 2628 1 30
1480 2842 1 300
941 1229 1 340
1773 2896 1 210
1466 2698 1 210
1125 3000 1 300
752 442 1 80
1022 894 1 130
928 2216 1 30
895 2688 1 300
728 2701 1 80
1063 999 1 230
1128 712 1 50
1139 3001 1 170
1780 2136 1 250
1764 2692 1 350
2393 3044 1 270
1816 2649 1 300
1013 987 1 30
1032 1224 1 320
927 2848 1 30
1352 2941 1 300
1195 1121 1 300
2540 3262 1 350
1610 3098 1 120
2179 2417 1 350
2058 3132 1 80
1514 2172 1 120
1283 685 1 80
1464 2176 1 80
1437 2185 1 300
954 921 1 10
2091 2068 1 320
1903 3015 1 300
1701 2654 1 80
1254 806 1 90
1426 2847 1 300
2827 2849 1 270
1811 2166 1 270
1717 2734 1 350
2822 2903 1 280
808 590 1 160
1735 2346 1 300
1511 3056 1 120
1717 2454 1 0
1491 2745 1 300
1626 2935 1 120
1506 2665 1 120
1692 2381 1 210
2527 2701 1 170
2243 2899 1 350
679 439 1 0
1929 2373 1 260
1909 2129 1 310
603 2848 1 170
744 2567 1 300
1932 2316 1 300
1845 2999 1 120
1277 2804 1 210
596 2082 1 30
1365 2930 1 300
1368 2725 1 170
1558 2654 1 260
761 1163 1 260
1211 566 1 80
2242 2924 1 300
2398 2567 1 170
1237 2813 1 80
947 1369 1 80
1132 2822 1 170
2011 3177 1 300
1060 2857 1 80
1278 609 1 260
1594 3015 1 120
1666 2646 1 80
768 426 1 0
1622 2859 1 120
1268 882 1 220
2618 2875 1 180
592 2685 1 350
673 1254 1 180
2170 3089 1 170
916 1560 1 260
1550 3076 1 120
1212 1141 1 260
907 2398 1 170
2448 2967 1 350
2569 2979 1 330
1394 3020 1 300
2230 2921 1 170
887 573 1 330
741 1331 1 170
2036 2858 1 170
2756 2578 1 170
1553 2843 1 120
2086 3181 1 260
1194 1151 1 260
916 2579 1 300
2538 3180 1 170
1065 438 1 210
1797 2028 1 120
2198 2929 1 300
542 509 1 170
1194 1111 1 210
578 1305 1 60
1631 2621 1 300
1943 2496 1 300
2230 1891 1 260
790 972 1 240
534 1853 1 260
1045 1569 1 230
2618 2509 1 210
2734 2785 1 0
1674 2859 1 80
2124 2854 1 350
2614 3171 1 50
2452 3147 1 140
584 1935 1 60
729 1084 1 10
2276 3251 1 300
1904 2165 1 80
1795 3054 1 300
1187 2867 1 170
2861 3065 1 330
1060 456 1 80
1966 3102 1 170
1227 791 1 240
1430 2821 1 300
1704 2471 1 0
1934 3068 1 170
2083 2428 1 120
2072 2104 1 140
809 747 1 260
2398 2125 1 120
971 1544 1 80
1624 2096 1 350
2128 2212 1 300
1080 2890 1 80
1192 2435 1 300
2342 3223 1 300
2482 2661 1 190
1241 2968 1 260
1743 2024 1 80
1483 2684 1 120
1651 2402 1 350
1190 1106 1 260
1992 3156 1 170
1688 2682 1 120
1474 2244 1 300
2004 3209 1 300
1252 1361 1 0
1312 666 1 80
1564 2880 1 120
1067 1251 1 350
1983 2813 1 80
2020 2296 1 260
2627 2511 1 170
1282 2348 1 210
832 2197 1 350
2922 2649 1 30
833 1126 1 30
516 1011 1 40
1805 1985 1 120
2314 3053 1 80
2180 2834 1 80
906 2846 1 300
2251 1916 1 80
1220 2558 1 350
2713 3073 1 0
694 1393 1 10
2058 1927 1 80
1411 2823 1 300
1741 2466 1 0
1958 2205 1 80
609 1180 1 340
2882 3139 1 260
1792 3012 1 350
1278 2613 1 260
1297 2852 1 300
2180 2965 1 300
1654 3012 1 80
1420 2219 1 350
1727 3159 1 170
1324 695 1 300
2597 3194 1 350
1127 2988 1 170
667 2168 1 30
1678 3011 1 120
541 996 1 20
2218 2942 1 300
2233 3260 1 120
894 2898 1 210
769 632 1 310
2329 3249 1 120
839 2693 1 350
2114 3063 1 170
2521 2708 1 50
2214 2083 1 250
1419 3006 1 350
1682 2656 1 350
1560 3011 1 300
1847 2713 1 80
2859 2941 1 260
1111 2954 1 260
720 1220 1 330
2004 3159 1 120
1907 2467 1 260
675 1005 1 240
1975 3075 1 260
1433 2977 1 260
1678 3117 1 120
770 755 1 350
1816 2892 1 120
2445 2685 1 310
2284 1927 1 210
2020 2786 1 120
1930 2076 1 260
983 1510 1 260
2438 2843 1 260
1925 2093 1 250
1954 2318 1 350
2156 3269 1 300
1101 2593 1 300
1255 1873 1 260
774 2201 1 350
2544 3167 1 80
1846 2409 1 170
1285 2828 1 120
1068 2889 1 170
2072 3173 1 170
2154 2861 1 300
578 459 1 170
1189 1125 1 260
765 1629 1 80
811 2157 1 170
1148 549 1 350
1596 2843 1 350
839 1338 1 300
870 2370 1 210
1157 2261 1 350
1793 2919 1 170
1103 2577 1 350
815 995 1 350
1803 1972 1 210
988 1046 1 210
1796 2076 1 230
736 2688 1 210
2601 3086 1 130
1842 2556 1 350
1237 563 1 0
2048 2186 1 170
2575 2820 1 330
1190 2059 1 210
2472 3270 1 170
1058 1998 1 280
2682 3012 1 120
1119 2962 1 120
1092 2911 1 170
1275 2214 1 80
610 1983 1 260
2476 3221 1 30
2273 3100 1 260
1201 1097 1 0
906 741 1 130
1442 2292 1 280
669 1451 1 260
1436 2216 1 0
1547 2749 1 350
758 1103 1 10
962 421 1 170
684 2872 1 260
2828 2778 1 80
1095 2648 1 30
2358 3319 1 210
1892 2683 1 120
1169 2858 1 300
1717 3086 1 120
817 792 1 350
1064 2593 1 350
2090 2794 1 260
2295 2127 1 270
2027 2824 1 300
2162 2094 1 130
1731 2148 1 80
2848 2977 1 180
745 1313 1 330
2315 3290 1 120
2760 2792 1 120
657 976 1 230
1061 2698 1 350
758 617 1 0
2500 2564 1 80
790 534 1 140
820 627 1 270
1514 2165 1 80
669 681 1 350
2148 2319 1 80
1535 2319 1 240
552 2109 1 170
877 2633 1 300
1909 2758 1 170
2067 2924 1 80
523 487 1 170
2250 2231 1 290
2082 1897 1 120
647 987 1 260
2120 2184 1 80
696 1520 1 50
2199 2079 1 350
695 467 1 170
852 767 1 320
2370 3250 1 210
672 425 1 170
911 911 1 0
1224 2628 1 210
435 596 1 60
1448 2801 1 170
720 1367 1 120
1571 2844 1 170
1845 2180 1 30
885 1441 1 70
885 1441 1 250
626 1075 1 210
626 1075 1 340
2587 2872 1 130
2605 2847 1 320
1794 2183 1 30
584 1323 1 310
1954 2739 1 350
2213 2148 1 240
2807 3227 1 130
2807 3227 1 330
1524 2206 1 350
2402 2934 1 260
482 702 1 80
1262 605 1 120
1783 2632 1 300
1721 2191 1 210
687 2139 1 320
687 2139 1 330
2091 2076 1 260
1754 2202 1 30
1261 723 1 240
2602 2796 1 120
2466 2583 1 60
2466 2583 1 330
1274 3016 1 120
1766 2784 1 30
2070 3043 1 170
1679 2668 1 80
493 909 1 160
1886 3168 1 80
1447 2846 1 210
2143 1926 1 170
887 1485 1 250
614 1227 1 180
890 2347 1 270
859 756 1 250
2192 3141 1 260
1125 3000 1 120
752 442 1 30
728 2701 1 120
2398 2567 1 210
1594 3015 1 350
673 1254 1 170
1550 3076 1 350
907 2398 1 210
1394 3020 1 170
1631 2621 1 260
1943 2496 1 260
790 972 1 210
2734 2785 1 10
1674 2859 1 120
1227 791 1 30
809 747 1 230
971 1544 1 100
2342 3223 1 260
1743 2024 1 300
1688 2682 1 170
833 1126 1 200
2314 3053 1 120
1220 2558 1 300
2713 3073 1 350
2058 1927 1 120
1654 3012 1 120
2597 3194 1 80
894 2898 1 260
2521 2708 1 60
2214 2083 1 240
1816 2892 1 80
2445 2685 1 140
2438 2843 1 210
2438 2843 1 290
1596 2843 1 80
1596 2843 1 120
1596 2843 1 260
1793 2919 1 120
815 995 1 0
1803 1972 1 260
2601 3086 1 100
2601 3086 1 170
2575 2820 1 320
1190 2059 1 170
1058 1998 1 300
1092 2911 1 120
2476 3221 1 20
2358 3319 1 170
1717 3086 1 170
2027 2824 1 350
1061 2698 1 300
790 534 1 150
820 627 1 350
696 1520 1 80
