617 1558 1 260
1956 2382 1 300
701 1391 1 80
667 1566 1 80
2404 2989 1 120
981 1535 1 70
746 1071 1 10
1025 1652 1 80
993 1412 1 260
1059 1177 1 140
2008 2212 1 350
1114 1464 1 260
2704 2773 1 100
2797 3119 1 300
1028 1655 1 80
1117 673 1 50
874 1395 1 60
1218 1495 1 260
1871 2272 1 0
1102 1692 1 300
636 1284 1 250
1045 1459 1 260
1036 1375 1 260
1049 1548 1 80
1230 1670 1 80
2696 2610 1 300
777 1500 1 260
2543 3033 1 260
1024 1528 1 260
1159 731 1 40
486 1904 1 80
896 1285 1 80
661 1591 1 70
646 1369 1 260
738 534 1 210
902 595 1 250
910 1403 1 80
2373 2068 1 0
989 1247 1 350
762 1641 1 260
2539 2716 1 170
2448 2965 1 260
651 1419 1 70
744 1566 1 80
913 1474 1 80
2134 2272 1 0
838 1418 1 260
749 449 1 240
1141 856 1 60
888 695 1 270
1226 2927 1 0
2563 2583 1 300
850 1668 1 80
1052 1517 1 80
1972 3052 1 0
612 984 1 200
1033 936 1 20
1278 2697 1 350
503 2188 1 260
1099 759 1 210
1143 708 1 40
2528 3069 1 30
1155 879 1 30
489 1930 1 30
540 614 1 30
2675 2704 1 170
2919 2832 1 260
1211 1404 1 80
770 629 1 50
980 2765 1 0
2714 3029 1 300
923 461 1 350
848 453 1 330
1385 2765 1 0
602 512 1 10
956 1429 1 0
1417 3025 1 0
861 1520 1 80
778 1515 1 260
2160 2979 1 0
862 2088 1 170
2085 2738 1 0
2388 3278 1 170
797 1720 1 300
1402 2647 1 0
1157 1226 1 120
2382 2933 1 0
2174 3209 1 0
644 2152 1 350
1117 1608 1 260
2619 3134 1 30
839 1016 1 230
2798 2998 1 80
2467 2734 1 30
1036 1339 1 260
1118 2839 1 0
1141 982 1 240
1213 1371 1 80
1915 2042 1 80
655 1354 1 70
481 927 1 70
2587 3185 1 120
2135 2977 1 0
1031 1168 1 170
2437 2999 1 320
2021 2227 1 260
549 738 1 40
816 1668 1 80
664 1589 1 260
1632 2172 1 260
1082 2785 1 350
2237 3071 1 0
1097 1537 1 260
1399 2931 1 0
1591 2316 1 350
1061 1192 1 170
1013 1358 1 240
1893 2474 1 300
1667 2397 1 260
925 761 1 290
2384 3117 1 0
2463 3287 1 0
1152 887 1 40
2591 2737 1 320
1785 3061 1 0
1852 2458 1 350
2278 2131 1 300
1139 2858 1 170
640 799 1 10
1030 1565 1 260
1874 2608 1 0
1506 2318 1 0
1556 3055 1 0
1953 2303 1 350
780 1499 1 260
1812 2052 1 80
1943 2183 1 260
996 1413 1 260
2118 2754 1 0
1123 2782 1 0
1329 2808 1 0
917 2740 1 350
2458 3312 1 0
717 849 1 270
1281 2802 1 0
1194 1526 1 80
1066 1454 1 80
943 1834 1 350
778 1531 1 260
1040 1494 1 260
2623 2947 1 30
1066 920 1 80
646 584 1 20
2230 2078 1 210
2178 2774 1 0
1004 436 1 300
2001 2011 1 80
780 425 1 150
2256 3137 1 0
1862 2767 1 0
701 459 1 200
603 1496 1 70
1786 2258 1 0
2078 1892 1 170
1155 2955 1 170
599 2779 1 0
561 1630 1 0
1592 2781 1 0
761 2135 1 350
1222 1793 1 300
973 833 1 30
2484 2841 1 30
1661 2329 1 170
948 2798 1 0
695 569 1 200
1627 3058 1 0
1233 1535 1 80
964 1274 1 260
2191 3080 1 170
1498 2959 1 0
2086 2982 1 0
2119 2264 1 0
2328 3156 1 0
801 634 1 190
2403 2838 1 80
1998 1952 1 170
817 706 1 210
2164 3105 1 210
1366 2775 1 0
2460 2997 1 170
2891 2909 1 260
1957 2756 1 0
2194 1876 1 0
1543 2164 1 210
830 1536 1 70
988 431 1 350
2573 3113 1 350
1174 1530 1 80
1090 2023 1 350
2133 2879 1 0
2712 2989 1 260
2311 2937 1 0
1990 2176 1 120
967 1742 1 0
2236 2257 1 0
1129 1652 1 260
2220 2172 1 0
1497 2277 1 170
1888 2380 1 120
1374 2866 1 80
966 1606 1 80
1744 2650 1 0
2109 3016 1 0
1849 2331 1 0
2336 3215 1 0
757 431 1 280
2344 3281 1 0
607 1543 1 250
1161 1619 1 80
1228 1326 1 270
2585 2788 1 170
2018 2606 1 350
1119 1259 1 90
2819 2812 1 170
1779 1896 1 30
1557 2296 1 120
1638 3023 1 0
1606 2956 1 0
1215 1344 1 80
2055 2791 1 0
1872 1935 1 0
769 1652 1 260
673 1379 1 80
1180 2646 1 170
852 634 1 180
1772 2376 1 0
576 1200 1 240
1520 2619 1 0
648 379 1 170
431 672 1 70
1028 410 1 210
817 1436 1 260
1375 2792 1 0
940 1777 1 0
2204 1898 1 350
1873 2276 1 0
657 1354 1 70
1937 2980 1 0
2179 2813 1 0
740 2150 1 300
1087 737 1 210
798 1190 1 0
1157 1246 1 90
842 917 1 310
2328 2137 1 300
704 2307 1 0
2047 2186 1 80
1801 2171 1 0
1166 2923 1 0
1114 2084 1 0
430 599 1 90
1872 2485 1 170
1246 2663 1 350
630 1540 1 260
1160 1212 1 350
2054 2327 1 0
744 1382 1 270
1891 2393 1 120
609 1581 1 260
2115 2154 1 120
2377 2750 1 0
1828 1882 1 30
1254 2677 1 170
2196 3211 1 0
2149 2250 1 170
844 1049 1 200
2167 2804 1 0
976 1424 1 70
598 1385 1 250
2078 2024 1 300
2004 2199 1 120
2287 2905 1 0
1492 2620 1 0
1979 1904 1 0
1745 2413 1 0
1371 2964 1 0
1141 1498 1 260
1924 2860 1 170
1160 1509 1 80
478 947 1 60
1005 1548 1 260
942 1697 1 0
617 2689 1 0
807 2444 1 0
2233 1807 1 80
1231 2439 1 0
1195 856 1 230
1797 2296 1 0
2011 1947 1 170
2461 2981 1 300
1952 2949 1 0
1919 2097 1 120
2691 3018 1 260
1054 1588 1 80
782 2828 1 0
1105 1786 1 260
991 2883 1 0
1669 2209 1 170
1377 2892 1 0
935 1010 1 40
1159 1496 1 80
721 2443 1 0
1776 2126 1 170
2054 3121 1 0
617 1089 1 320
1786 1988 1 0
2197 2924 1 0
524 531 1 140
2220 2917 1 0
2291 1867 1 30
1076 1177 1 170
2128 2100 1 300
996 2648 1 350
1024 1676 1 260
2015 1922 1 0
1026 435 1 180
1145 910 1 260
2824 2630 1 80
1011 2052 1 350
2821 2828 1 170
474 1780 1 0
994 1828 1 260
1007 2161 1 260
1047 1213 1 280
1378 2767 1 0
2316 2059 1 80
494 1910 1 260
1565 2788 1 0
2473 2848 1 30
1151 1109 1 170
2416 2895 1 260
573 2068 1 170
2042 3024 1 0
554 583 1 320
1690 2231 1 260
1744 2115 1 170
799 937 1 130
498 607 1 260
2033 2362 1 0
1348 2646 1 0
1173 2211 1 0
668 1187 1 350
1865 2598 1 0
1189 1252 1 80
642 1728 1 300
1056 996 1 50
592 2653 1 0
1193 528 1 260
1816 2761 1 0
479 1776 1 0
727 892 1 170
1450 2987 1 0
767 1711 1 260
939 2837 1 260
1805 1935 1 300
2114 2866 1 0
1636 3055 1 0
1225 2754 1 350
2277 3050 1 0
2071 1898 1 80
2381 2929 1 0
1027 564 1 10
1603 2615 1 0
2502 2429 1 0
2233 2922 1 0
2260 2855 1 80
1792 2590 1 0
1560 2103 1 260
800 2154 1 0
2528 2817 1 30
866 2260 1 0
1904 2005 1 260
2681 3209 1 350
1916 1860 1 350
1512 2182 1 260
1004 870 1 210
715 449 1 320
961 2817 1 0
1745 2038 1 120
717 1609 1 260
966 2816 1 0
751 802 1 250
2132 2931 1 0
1714 2487 1 170
2493 2809 1 210
1548 2969 1 0
1012 1215 1 310
2251 2935 1 0
1197 1750 1 80
1625 2612 1 0
1482 2725 1 0
2890 3068 1 350
1235 2399 1 0
2132 2941 1 0
654 714 1 10
1265 2331 1 0
1162 2823 1 0
988 1957 1 260
2161 3104 1 210
613 528 1 240
2057 2359 1 0
1882 2450 1 260
1480 2964 1 0
1138 444 1 260
822 1100 1 0
1226 2771 1 0
1178 2923 1 0
2123 3036 1 260
2184 2173 1 170
758 957 1 30
1767 2178 1 300
1654 2745 1 350
1069 1761 1 30
915 1437 1 260
899 865 1 220
1920 3086 1 0
2359 3215 1 0
2581 2760 1 120
804 2547 1 0
750 2446 1 0
2251 3044 1 0
903 2678 1 0
849 1389 1 80
2068 2742 1 0
1945 3006 1 0
1868 2081 1 80
2162 3234 1 0
1108 1140 1 170
1450 2641 1 0
2125 1966 1 210
2366 2651 1 80
960 428 1 150
1363 2729 1 0
1919 2600 1 0
1896 1992 1 30
717 1091 1 60
2015 2955 1 0
1660 2509 1 0
2002 3135 1 0
1186 1525 1 260
1544 2917 1 0
1138 1208 1 260
2679 3074 1 210
1978 2312 1 120
1055 1769 1 270
1701 2524 1 0
483 1739 1 0
882 2333 1 0
1721 2362 1 0
1314 2732 1 0
787 2617 1 0
1433 2929 1 0
461 416 1 170
1728 2833 1 350
884 2545 1 0
2506 3162 1 80
1209 496 1 0
633 496 1 350
2204 2168 1 170
1864 2041 1 350
1736 2028 1 170
1987 2826 1 260
1832 2638 1 0
630 377 1 120
1740 1937 1 0
1175 2027 1 170
2129 2792 1 0
1570 2056 1 80
646 888 1 210
1900 2037 1 350
2186 3072 1 0
1523 3041 1 260
632 672 1 160
1189 1349 1 80
1952 2371 1 0
1206 2321 1 0
1804 2136 1 350
832 2643 1 350
1107 489 1 260
994 843 1 250
805 729 1 190
917 970 1 40
2005 1867 1 80
1300 2982 1 210
997 1824 1 260
2053 2357 1 0
1238 2351 1 0
1789 2881 1 0
1063 1210 1 210
2061 1833 1 0
2404 2989 1 350
1059 1177 1 170
874 1395 1 260
1102 1692 1 80
661 1591 1 260
738 534 1 220
902 595 1 260
910 1403 1 260
762 1641 1 80
1278 2697 1 260
1099 759 1 220
2528 3069 1 260
2919 2832 1 300
602 512 1 120
1139 2858 1 120
640 799 1 0
1194 1526 1 70
2623 2947 1 300
2623 2947 1 350
1004 436 1 320
603 1496 1 260
2484 2841 1 350
801 634 1 200
817 706 1 200
830 1536 1 60
1174 1530 1 260
1497 2277 1 140
1888 2380 1 350
1374 2866 1 170
2018 2606 1 300
1119 1259 1 270
673 1379 1 70
1028 410 1 170
2204 1898 1 260
744 1382 1 260
609 1581 1 250
2078 2024 1 260
2004 2199 1 170
478 947 1 70
1919 2097 1 300
935 1010 1 210
2291 1867 1 350
2128 2100 1 350
1145 910 1 210
994 1828 1 300
1151 1109 1 210
2416 2895 1 300
1744 2115 1 260
939 2837 1 210
2260 2855 1 120
2681 3209 1 30
2681 3209 1 300
2890 3068 1 300
654 714 1 20
1882 2450 1 300
1069 1761 1 260
717 1091 1 190
1978 2312 1 170
1987 2826 1 300
646 888 1 220
1900 2037 1 30
1804 2136 1 80
1063 1210 1 220
