2522 3067 1 60
921 1265 1 80
869 1454 1 260
608 1806 1 250
1148 1953 1 130
2480 2901 1 260
914 946 1 60
589 1482 1 250
971 441 1 90
516 2466 1 80
1027 1797 1 80
716 1305 1 260
670 1453 1 250
1502 2191 1 170
761 1431 1 80
2566 2947 1 240
1105 2032 1 350
501 2414 1 260
1243 2259 1 260
1227 1342 1 260
948 1314 1 70
507 2486 1 240
811 1769 1 260
2503 2728 1 40
1138 1600 1 260
879 1371 1 170
2348 1980 1 300
866 1615 1 260
716 1484 1 260
2613 2753 1 140
1016 738 1 320
846 1364 1 260
793 1536 1 250
1252 2283 1 260
2389 2608 1 30
1647 2354 1 260
1045 815 1 60
585 1377 1 250
1869 2411 1 80
1056 1399 1 260
604 1586 1 80
1998 3064 1 350
924 1184 1 50
1125 1189 1 260
901 2700 1 260
1131 1678 1 80
1199 1403 1 270
719 1351 1 80
1112 1248 1 240
1020 629 1 210
1174 1302 1 260
794 1473 1 260
1723 3084 1 260
1601 2301 1 120
1013 1554 1 260
1111 1405 1 250
563 543 1 260
1035 1312 1 80
2429 3289 1 80
545 959 1 120
2652 3066 1 310
1039 1765 1 260
687 736 1 280
769 1619 1 80
1117 1353 1 260
813 1501 1 250
1502 2998 1 260
1043 910 1 70
1348 2979 1 350
675 1734 1 260
1673 2624 1 80
860 1284 1 270
847 1855 1 80
645 1471 1 70
2091 3113 1 170
601 1696 1 250
2507 3176 1 170
2073 2787 1 210
2735 3176 1 340
1115 862 1 230
845 2006 1 350
1238 2155 1 80
635 1416 1 70
2426 2901 1 80
1056 1339 1 260
1589 2869 1 260
402 602 1 70
2183 2873 1 350
512 2221 1 350
2269 2155 1 80
1640 2985 1 80
1850 2434 1 350
584 1332 1 260
2034 2762 1 210
2294 3267 1 30
588 1293 1 250
505 2579 1 260
1040 1776 1 250
1453 2632 1 170
811 1697 1 80
934 671 1 260
2066 2971 1 350
1102 839 1 230
638 1416 1 70
737 1900 1 240
790 1598 1 260
1132 1842 1 90
1251 2583 1 260
2201 2834 1 300
868 1904 1 80
761 1816 1 260
613 1560 1 60
2419 2858 1 20
2783 2913 1 210
1664 2310 1 0
2818 2947 1 170
1666 2782 1 350
1192 1422 1 260
976 2658 1 280
1523 2691 1 350
814 1473 1 240
1082 984 1 310
805 2411 1 210
2465 3101 1 290
2151 3069 1 170
1008 1262 1 260
1152 1700 1 80
1446 2852 1 170
931 2693 1 350
980 1536 1 80
2594 2552 1 80
2699 2614 1 90
1676 2977 1 260
2456 3272 1 350
1163 1912 1 240
1469 2628 1 170
1125 1898 1 80
1519 2967 1 260
2614 3091 1 340
968 1422 1 260
1007 2842 1 350
1681 2291 1 260
2119 2919 1 120
2512 3032 1 350
1135 2810 1 80
1399 2169 1 80
893 1598 1 260
1568 2731 1 300
1020 1578 1 250
712 1466 1 260
1564 2246 1 80
1900 2417 1 0
949 1041 1 10
2396 2986 1 170
874 1916 1 80
1587 2711 1 170
1328 2661 1 170
1065 1658 1 260
2148 2072 1 80
1229 499 1 260
842 2067 1 170
1691 2202 1 170
2505 2492 1 0
475 759 1 70
2121 2774 1 210
954 399 1 20
2046 2885 1 260
2824 3091 1 30
780 1629 1 80
777 2839 1 170
2793 3078 1 210
1207 1458 1 80
640 1492 1 80
2109 2944 1 80
2554 2622 1 160
854 1712 1 260
1589 2732 1 350
2093 1858 1 80
888 1894 1 260
2266 2112 1 80
1494 2160 1 0
930 2884 1 210
1167 2534 1 300
977 1333 1 80
1189 2695 1 170
2267 1822 1 260
1605 2600 1 170
1233 2782 1 300
1036 1774 1 70
1129 1861 1 60
1150 753 1 30
2829 3119 1 260
1100 1234 1 120
1074 1202 1 170
1179 2338 1 300
778 1437 1 80
2051 1994 1 120
1111 1831 1 80
2301 2074 1 120
1132 2118 1 260
2491 3274 1 350
1896 2588 1 80
1050 1365 1 70
1852 2049 1 0
2507 3293 1 350
1137 638 1 220
1011 656 1 80
600 1424 1 250
2795 3097 1 210
546 2321 1 260
598 2409 1 300
1136 472 1 230
1239 2212 1 260
680 2172 1 80
2331 1893 1 260
1743 2837 1 100
802 2423 1 240
2093 3011 1 170
2217 2904 1 350
1324 2675 1 170
1142 1372 1 260
1174 2884 1 170
1212 1471 1 70
2186 2956 1 300
1029 1723 1 260
999 1346 1 260
1020 414 1 120
989 1626 1 260
971 1518 1 260
1334 2807 1 80
624 2474 1 260
1202 496 1 210
1637 2247 1 120
825 2859 1 170
692 1908 1 80
1766 2709 1 170
1095 2726 1 120
1071 1519 1 260
1686 2342 1 260
1591 2270 1 350
594 1530 1 250
1071 1486 1 260
639 2313 1 260
1009 2729 1 300
1193 2193 1 80
1064 1369 1 260
2217 2884 1 170
1859 2212 1 120
1073 1625 1 260
1129 2687 1 170
1565 2174 1 210
2176 3020 1 170
1722 2764 1 350
2229 2978 1 350
883 1348 1 80
2544 3283 1 80
2099 3127 1 300
550 1138 1 240
934 2659 1 300
1069 2473 1 120
2066 2908 1 170
891 2153 1 300
1003 902 1 30
794 2812 1 170
583 1351 1 250
857 617 1 260
594 1320 1 250
1163 1435 1 60
1039 454 1 260
704 1679 1 260
868 1850 1 80
1070 2570 1 300
807 1694 1 80
939 2411 1 80
723 2058 1 330
986 2262 1 80
2400 3008 1 120
2155 2834 1 170
995 1255 1 70
2375 2488 1 170
1589 2289 1 300
756 1346 1 80
2497 2578 1 260
1317 2720 1 300
1035 2054 1 260
1171 2323 1 210
1010 1557 1 260
962 2660 1 350
1121 580 1 210
1059 1402 1 260
1212 2267 1 260
699 2092 1 120
2310 2977 1 30
590 2717 1 300
989 778 1 80
856 1572 1 260
1136 1428 1 80
2078 2861 1 170
1251 2674 1 260
1183 2955 1 170
812 1716 1 80
2864 3000 1 30
1218 2628 1 320
561 932 1 90
2026 2792 1 170
787 1511 1 70
918 1956 1 260
724 1375 1 70
533 2130 1 300
1857 1947 1 350
952 2556 1 80
1050 1553 1 260
1217 1297 1 70
746 1784 1 80
2039 2119 1 300
766 2236 1 350
2177 2833 1 350
868 1375 1 260
1369 2744 1 120
2034 2724 1 350
1091 1181 1 90
2558 2707 1 190
877 1504 1 260
1368 2879 1 170
2821 2956 1 270
1790 2597 1 80
2401 2584 1 240
512 650 1 40
2177 3237 1 210
1744 1951 1 300
1108 2220 1 300
807 1190 1 260
1984 2985 1 260
560 2153 1 300
564 2613 1 80
1703 3057 1 170
2033 2681 1 80
2298 1930 1 260
2806 3029 1 80
2771 2771 1 250
1217 764 1 230
855 2750 1 120
2189 2101 1 0
2847 2993 1 300
899 1392 1 300
1973 3126 1 80
914 712 1 170
1030 1987 1 160
875 2006 1 170
1857 2943 1 210
935 2114 1 260
2808 2496 1 150
1624 2663 1 300
1162 1349 1 70
1053 1423 1 80
2842 3037 1 350
566 1243 1 250
2498 2838 1 230
981 2215 1 300
806 2708 1 300
539 2294 1 350
2851 2905 1 30
805 663 1 40
1232 827 1 80
954 418 1 10
2165 2923 1 260
1158 1655 1 80
1224 1530 1 80
1657 1984 1 0
1943 2101 1 120
1779 1917 1 120
1805 2903 1 350
2304 1920 1 80
2848 2606 1 270
997 2092 1 120
829 703 1 20
588 880 1 350
574 1407 1 250
985 1153 1 340
937 2200 1 80
2698 3012 1 300
2031 2648 1 260
1863 2660 1 210
544 2729 1 30
1608 2133 1 260
2481 2533 1 170
1762 2854 1 350
2635 2935 1 290
1018 1340 1 260
1138 1336 1 60
1014 400 1 260
1078 2278 1 350
1720 3102 1 170
848 2090 1 300
635 2322 1 300
2754 2866 1 30
1545 2216 1 170
1627 2101 1 0
883 2512 1 260
2822 2962 1 300
825 2307 1 170
1216 1319 1 80
2218 2117 1 170
1147 2923 1 170
939 2421 1 260
2209 2229 1 0
2571 2785 1 330
892 1577 1 80
1054 1767 1 260
1011 2793 1 80
2341 1944 1 300
2704 2794 1 350
901 1956 1 280
1434 3002 1 260
1074 1899 1 260
1562 2301 1 0
1035 2809 1 260
527 2472 1 350
569 1316 1 250
1025 1151 1 350
1419 2864 1 300
784 2160 1 260
825 1838 1 80
1993 2619 1 210
1717 2045 1 260
1208 2192 1 260
805 2735 1 300
1093 1923 1 80
801 1881 1 80
1018 1126 1 300
1093 2501 1 300
798 1771 1 260
754 1386 1 80
934 2654 1 300
964 2541 1 270
1655 2290 1 170
1622 2771 1 80
2463 2658 1 280
798 349 1 350
929 2758 1 300
1136 1878 1 80
571 1344 1 250
886 2701 1 350
1397 2193 1 30
1243 2634 1 80
2015 2717 1 350
1009 1296 1 260
608 1394 1 250
2226 2275 1 0
1630 2302 1 170
2374 2509 1 210
735 1567 1 260
985 1496 1 80
2495 3260 1 170
1790 2044 1 80
887 441 1 350
1318 2774 1 210
1018 1715 1 260
655 2423 1 280
1218 2676 1 150
1679 2036 1 0
1105 896 1 50
811 2231 1 300
1838 2131 1 260
1308 2881 1 350
1023 1331 1 70
589 842 1 30
1549 2087 1 130
2462 2901 1 80
514 2169 1 120
565 2152 1 210
1152 2121 1 30
735 2431 1 100
1671 2221 1 0
1019 2276 1 350
1920 2704 1 350
1993 2579 1 30
1889 2422 1 120
778 381 1 10
1862 2393 1 260
563 2274 1 120
699 705 1 270
2077 1832 1 120
1139 2100 1 120
2502 3308 1 140
1020 2210 1 280
757 2592 1 120
765 1585 1 70
2547 2445 1 260
1952 2853 1 300
1032 2056 1 240
802 2295 1 270
1654 3011 1 30
1133 2643 1 350
577 1451 1 250
828 2056 1 160
1149 2350 1 100
929 2690 1 350
814 2051 1 350
1008 2267 1 260
2522 3067 1 50
2522 3067 1 70
2522 3067 1 90
2522 3067 1 170
516 2466 1 260
2503 2728 1 30
2503 2728 1 50
2503 2728 1 70
879 1371 1 300
846 1364 1 240
585 1377 1 260
1869 2411 1 260
604 1586 1 90
901 2700 1 350
719 1351 1 260
1723 3084 1 350
1111 1405 1 260
2429 3289 1 260
2429 3289 1 350
545 959 1 220
769 1619 1 260
2091 3113 1 80
2073 2787 1 170
2735 3176 1 330
845 2006 1 170
2426 2901 1 90
2183 2873 1 300
584 1332 1 270
2034 2762 1 170
2294 3267 1 210
588 1293 1 240
811 1697 1 260
2419 2858 1 70
2783 2913 1 120
976 2658 1 80
805 2411 1 30
1446 2852 1 120
2699 2614 1 100
2699 2614 1 110
2699 2614 1 120
1519 2967 1 210
2119 2919 1 350
2512 3032 1 330
893 1598 1 80
1568 2731 1 260
712 1466 1 290
842 2067 1 350
954 399 1 10
2824 3091 1 80
2793 3078 1 120
1589 2732 1 120
930 2884 1 170
1100 1234 1 350
2051 1994 1 170
1111 1831 1 260
2301 2074 1 170
1050 1365 1 80
546 2321 1 80
1334 2807 1 350
1129 2687 1 320
1129 2687 1 330
2229 2978 1 80
883 1348 1 260
2544 3283 1 120
2099 3127 1 260
1003 902 1 200
1035 2054 1 350
989 778 1 50
2864 3000 1 170
2864 3000 1 260
533 2130 1 320
766 2236 1 120
1369 2744 1 80
1108 2220 1 350
1984 2985 1 170
855 2750 1 80
855 2750 1 170
2847 2993 1 260
1030 1987 1 150
1857 2943 1 80
1857 2943 1 120
1162 1349 1 60
1162 1349 1 80
954 418 1 20
588 880 1 340
2031 2648 1 210
1863 2660 1 170
2481 2533 1 260
2635 2935 1 300
2635 2935 1 320
2635 2935 1 330
2754 2866 1 350
2822 2962 1 120
825 2307 1 120
825 2307 1 140
825 2307 1 150
2341 1944 1 120
901 1956 1 80
1434 3002 1 300
1074 1899 1 240
1035 2809 1 170
1993 2619 1 170
1093 2501 1 260
1243 2634 1 230
1243 2634 1 240
1009 1296 1 250
1023 1331 1 80
1952 2853 1 350
1654 3011 1 350
