484 2144 1 250
2713 2760 1 210
791 1534 1 70
1847 2410 1 350
975 1847 1 260
935 1193 1 260
768 1617 1 260
1871 1948 1 300
1308 2676 1 170
1081 1480 1 80
802 1692 1 260
1110 1407 1 250
950 699 1 50
634 1416 1 70
834 442 1 80
919 1892 1 60
1012 1553 1 260
840 982 1 60
979 1533 1 80
1986 1909 1 80
1042 898 1 80
2505 2491 1 350
2922 2733 1 350
749 419 1 160
995 1988 1 160
465 1927 1 80
2163 2280 1 80
711 1390 1 80
1089 961 1 150
1508 2191 1 170
851 1498 1 70
1883 2421 1 170
1754 2617 1 170
546 1121 1 240
935 1227 1 270
987 1296 1 80
879 1382 1 260
1868 2110 1 350
2374 1981 1 300
1112 1673 1 70
2009 2054 1 80
1026 1781 1 260
820 1669 1 260
1213 1628 1 260
1057 1792 1 260
965 1302 1 240
2640 2623 1 30
2154 1994 1 260
1892 2275 1 350
862 2702 1 350
1710 1964 1 260
626 1399 1 250
1478 2641 1 170
607 908 1 250
1033 684 1 70
1569 2283 1 0
932 1194 1 250
629 1176 1 350
1027 597 1 50
1212 1796 1 260
1530 2227 1 260
2815 3012 1 120
1006 1608 1 80
569 698 1 30
805 2420 1 240
2374 2066 1 0
1604 2370 1 170
2290 2019 1 350
648 1922 1 60
1141 1625 1 260
768 1405 1 260
2689 2594 1 160
1233 2481 1 80
1874 2323 1 80
1660 2293 1 80
841 1916 1 80
2422 2586 1 180
2166 2936 1 170
779 1632 1 80
2755 2865 1 30
1065 1836 1 80
1171 1693 1 80
631 1487 1 70
2049 2787 1 210
1787 2421 1 0
687 1616 1 260
1762 2853 1 350
932 1013 1 110
757 1380 1 250
772 1370 1 250
968 395 1 40
979 1318 1 260
2379 2799 1 100
1687 1998 1 80
2538 3023 1 300
628 1587 1 70
1018 1316 1 70
2490 2966 1 200
965 1336 1 260
800 2060 1 350
1060 1153 1 320
1758 2041 1 210
832 1501 1 60
2182 2163 1 0
1922 3128 1 170
1096 2786 1 80
2481 2659 1 90
1211 2722 1 260
775 2508 1 350
1242 2443 1 260
1107 1805 1 260
1044 1626 1 80
2066 2970 1 350
603 1639 1 80
1604 2799 1 120
819 752 1 60
875 2282 1 170
1874 2701 1 120
1269 2704 1 210
820 883 1 230
855 2750 1 170
2613 2559 1 260
1023 1678 1 260
1485 2156 1 0
1170 762 1 30
1697 2324 1 0
966 1181 1 250
476 1003 1 30
2232 3029 1 260
617 1054 1 340
2089 3094 1 350
481 2142 1 250
1223 1870 1 260
1224 2559 1 350
684 377 1 130
2909 2822 1 80
1135 2851 1 80
1182 1254 1 60
1167 927 1 170
952 2530 1 260
2076 2098 1 80
849 2360 1 170
1125 796 1 30
2550 2970 1 330
999 1343 1 270
1784 1981 1 80
2708 2789 1 320
1877 2784 1 170
1643 2589 1 170
1592 2729 1 120
2239 3103 1 80
1185 686 1 230
1103 2704 1 170
671 1892 1 260
1929 2924 1 30
1356 2896 1 350
2418 2613 1 230
512 651 1 40
1087 750 1 230
756 368 1 170
587 878 1 340
817 391 1 200
1002 1585 1 70
1022 1322 1 70
2512 3032 1 330
1158 1580 1 80
878 1158 1 330
1872 3068 1 80
613 887 1 240
1205 744 1 230
1147 2323 1 260
1494 2199 1 170
630 1002 1 310
1251 2673 1 240
719 1638 1 260
1171 1417 1 260
1550 2684 1 170
1233 2781 1 80
2348 3075 1 350
2709 3050 1 350
2383 2647 1 350
1125 1186 1 260
906 2615 1 120
2683 3074 1 330
2461 2900 1 90
866 2548 1 300
515 2771 1 170
639 2312 1 260
997 1727 1 260
1946 3085 1 300
602 1888 1 260
673 927 1 330
2513 2430 1 160
1208 1261 1 80
2744 2877 1 210
1903 2173 1 300
782 898 1 320
712 2070 1 340
805 2707 1 300
1665 2370 1 300
2650 2812 1 270
484 2001 1 250
860 1678 1 260
1160 1650 1 80
1960 2905 1 80
770 1376 1 250
2091 2702 1 120
2263 2915 1 120
764 419 1 20
958 2864 1 350
787 357 1 170
875 1829 1 80
1038 2711 1 170
1082 1782 1 260
2121 2774 1 170
1022 1308 1 70
1435 2726 1 300
1584 2117 1 170
744 1666 1 270
935 773 1 200
1049 1553 1 260
2533 2693 1 250
1063 1367 1 250
572 791 1 270
996 1280 1 80
766 1968 1 250
978 1847 1 260
1052 1324 1 260
686 402 1 80
608 1532 1 260
546 880 1 220
1084 2526 1 260
1551 2697 1 170
2197 2150 1 80
927 847 1 30
1235 2535 1 80
1008 1030 1 350
1080 464 1 240
715 1352 1 250
992 2660 1 350
1028 1296 1 250
900 1586 1 260
586 2149 1 120
1605 2644 1 350
2209 1825 1 170
1053 2356 1 120
720 2355 1 260
1044 2857 1 350
1010 1317 1 250
506 416 1 20
1039 2562 1 300
811 1716 1 80
2210 3025 1 170
1331 2779 1 350
2794 3078 1 170
2253 2113 1 260
1845 1968 1 80
1204 1630 1 80
1606 2267 1 350
1112 547 1 210
2502 2552 1 40
673 2351 1 300
2259 2243 1 0
697 2664 1 260
1142 2526 1 350
766 2388 1 90
1848 2687 1 170
618 1861 1 260
1084 2774 1 350
2032 2047 1 260
2043 2969 1 80
664 1575 1 80
800 1890 1 80
1214 1459 1 70
450 845 1 70
738 370 1 190
1458 2705 1 350
1898 2292 1 120
2209 3178 1 120
910 378 1 340
1577 2859 1 350
2252 1821 1 300
2412 2500 1 80
887 938 1 260
2822 2893 1 60
1108 1250 1 80
1731 2864 1 120
2366 2044 1 260
1338 2692 1 300
1058 1535 1 80
1889 2706 1 300
2519 2687 1 260
977 2334 1 80
1219 1385 1 70
590 1035 1 290
2436 2549 1 220
2371 2678 1 350
486 958 1 50
1414 2165 1 120
852 2810 1 170
552 1302 1 70
735 373 1 0
1676 2693 1 260
1006 1319 1 240
1880 2096 1 170
1892 2084 1 120
1035 1774 1 70
2305 3228 1 120
539 2531 1 120
803 1192 1 260
2015 2716 1 300
754 1383 1 80
741 2653 1 350
828 2107 1 90
968 1339 1 250
1078 1179 1 80
674 1688 1 260
635 1865 1 80
840 2084 1 260
990 1296 1 80
2487 2450 1 240
1858 2427 1 120
1025 2390 1 30
1182 2702 1 260
2217 2234 1 170
641 1713 1 70
607 1608 1 260
2216 2883 1 350
815 2176 1 260
636 2732 1 340
743 2686 1 170
1625 2803 1 350
987 1889 1 80
2418 3144 1 170
1216 1278 1 80
1521 2205 1 170
2116 2009 1 30
760 397 1 190
1075 498 1 230
733 1688 1 80
630 2296 1 80
1586 2950 1 270
1847 2666 1 300
969 1182 1 250
1095 693 1 110
1056 681 1 230
1051 1098 1 160
2234 2997 1 350
2881 2575 1 170
1044 1642 1 90
2500 2576 1 260
726 2775 1 330
1021 1775 1 70
933 1107 1 160
1015 1986 1 170
1664 2883 1 30
806 1693 1 70
1159 641 1 220
888 1895 1 260
965 2295 1 170
572 2687 1 260
2696 2883 1 90
1013 1649 1 260
1295 2793 1 120
1778 1919 1 120
1295 2840 1 30
797 2512 1 80
792 804 1 230
649 486 1 20
832 2041 1 350
977 2597 1 120
1918 2371 1 120
2401 2755 1 80
1880 2279 1 300
554 1815 1 170
1908 1974 1 30
731 2268 1 260
549 971 1 200
597 2496 1 260
916 1935 1 260
1097 448 1 280
2201 2077 1 300
556 2502 1 120
1240 725 1 230
1569 2250 1 260
812 2192 1 260
1092 2106 1 300
795 2588 1 300
1178 530 1 210
1581 2314 1 80
1080 2303 1 80
715 1482 1 250
1097 1740 1 80
1021 1623 1 60
1475 2771 1 120
1743 2836 1 80
745 531 1 350
607 2602 1 120
1508 2245 1 30
1177 2663 1 120
772 2353 1 90
1570 2355 1 80
734 2152 1 90
2221 2970 1 30
845 2044 1 350
1921 2648 1 210
2077 2305 1 0
1853 3020 1 350
1210 2132 1 80
817 2333 1 350
2369 2099 1 300
519 2528 1 260
1018 1268 1 80
1122 806 1 40
614 2209 1 300
631 1273 1 250
2457 2899 1 80
1586 2342 1 0
786 424 1 350
2076 2657 1 210
2458 2938 1 300
1704 2197 1 190
418 636 1 340
1896 2465 1 0
1000 1552 1 70
1159 2483 1 300
1995 2640 1 120
887 2421 1 30
532 573 1 190
1131 1623 1 80
1619 2273 1 350
1093 500 1 210
874 681 1 220
788 2782 1 120
1178 1658 1 260
1798 2902 1 350
852 1987 1 330
752 1515 1 70
2413 2523 1 180
2289 3207 1 350
1037 1314 1 80
830 2528 1 260
795 2581 1 170
889 1955 1 80
1202 494 1 210
487 745 1 210
2402 2570 1 260
1962 2973 1 300
789 1555 1 70
708 419 1 260
1045 1303 1 80
630 2459 1 300
819 2346 1 80
1057 2323 1 300
953 428 1 20
855 2758 1 350
995 2641 1 80
957 2280 1 270
478 465 1 180
904 2612 1 320
752 2673 1 120
886 380 1 350
2425 2707 1 260
648 2691 1 80
686 1764 1 80
1059 448 1 270
1049 2573 1 120
1753 2714 1 350
589 2694 1 30
1929 2367 1 80
623 2753 1 120
1128 2563 1 170
736 1462 1 90
2156 2032 1 170
772 2514 1 260
1489 2914 1 120
596 423 1 170
1148 1410 1 250
722 2830 1 170
972 2620 1 120
1074 2583 1 80
1751 3053 1 210
1919 2180 1 120
1145 2710 1 170
2319 2155 1 350
1082 2053 1 80
1102 1645 1 80
2577 2893 1 20
1021 1430 1 250
685 1680 1 260
2724 3140 1 140
1598 2344 1 170
2761 2704 1 260
1161 2117 1 260
1225 2266 1 80
2565 2887 1 350
1013 2098 1 300
1060 408 1 260
764 1606 1 80
2385 2562 1 230
2713 2760 1 10
1847 2410 1 170
768 1617 1 80
1308 2676 1 150
1308 2676 1 160
950 699 1 100
834 442 1 280
919 1892 1 120
935 1227 1 260
1112 1673 1 80
2009 2054 1 120
1892 2275 1 300
1027 597 1 60
1604 2370 1 350
1141 1625 1 250
2689 2594 1 170
1660 2293 1 170
1660 2293 1 210
932 1013 1 80
932 1013 1 90
932 1013 1 100
932 1013 1 190
2379 2799 1 70
2379 2799 1 90
1687 1998 1 260
2538 3023 1 270
965 1336 1 250
800 2060 1 160
1060 1153 1 280
603 1639 1 270
1874 2701 1 80
1874 2701 1 260
820 883 1 250
855 2750 1 350
2076 2098 1 120
849 2360 1 260
2239 3103 1 350
587 878 1 350
817 391 1 170
1872 3068 1 350
1550 2684 1 120
2683 3074 1 340
1946 3085 1 30
805 2707 1 80
805 2707 1 170
2650 2812 1 160
2650 2812 1 290
2091 2702 1 170
764 419 1 30
764 419 1 50
787 357 1 190
2121 2774 1 210
935 773 1 190
1049 1553 1 270
686 402 1 90
1084 2526 1 170
1080 464 1 260
2502 2552 1 30
2502 2552 1 50
697 2664 1 300
766 2388 1 80
1084 2774 1 300
2209 3178 1 170
2412 2500 1 70
1219 1385 1 80
590 1035 1 280
1006 1319 1 250
1035 1774 1 80
1078 1179 1 240
840 2084 1 300
1025 2390 1 170
636 2732 1 350
1521 2205 1 210
1044 1642 1 80
1044 1642 1 110
933 1107 1 170
1295 2793 1 170
792 804 1 240
2401 2755 1 90
2401 2755 1 100
2401 2755 1 120
2401 2755 1 180
2401 2755 1 230
597 2496 1 80
1240 725 1 260
1097 1740 1 260
1475 2771 1 170
1743 2836 1 110
734 2152 1 80
887 2421 1 210
874 681 1 210
886 380 1 0
1049 2573 1 100
1753 2714 1 300
1128 2563 1 150
736 1462 1 100
2156 2032 1 80
2156 2032 1 120
2156 2032 1 260
2156 2032 1 350
1145 2710 1 120
1145 2710 1 260
2319 2155 1 170
2761 2704 1 350
