3283 721 1 350
3419 515 1 320
3457 379 1 160
3347 1325 1 100
3667 879 1 160
3478 378 1 350
3491 308 1 90
3465 307 1 150
3472 511 1 250
3419 351 1 150
3319 564 1 80
3423 378 1 190
3501 384 1 340
3641 593 1 60
3428 308 1 70
3450 642 1 250
3456 570 1 160
3460 684 1 70
3380 800 1 70
3608 577 1 70
3502 595 1 70
3322 589 1 80
3548 737 1 50
3547 1299 1 230
3263 814 1 250
3427 689 1 120
3563 804 1 250
3312 630 1 70
3610 746 1 150
3402 461 1 80
3447 504 1 190
3425 467 1 140
3376 383 1 170
3535 1266 1 30
3380 1254 1 60
3466 463 1 190
3419 1122 1 270
3306 1293 1 250
3514 1300 1 250
3295 791 1 70
3386 741 1 300
3403 384 1 170
3312 1307 1 40
3266 1650 1 160
3371 1268 1 290
3471 555 1 50
3304 612 1 180
3659 753 1 180
3435 367 1 80
3558 1312 1 80
3404 707 1 300
3327 917 1 50
3295 1291 1 60
3666 969 1 110
3276 1378 1 260
3403 343 1 230
3303 875 1 350
3357 471 1 220
3285 603 1 180
3526 361 1 60
3612 919 1 150
3461 382 1 150
3508 644 1 70
3552 1191 1 250
3390 383 1 170
3386 441 1 50
3368 357 1 250
3640 669 1 220
3494 684 1 260
3453 617 1 270
3401 733 1 170
3608 1036 1 70
3401 519 1 50
3602 751 1 150
3302 978 1 80
3559 804 1 80
3615 561 1 70
3280 1533 1 80
3304 1217 1 80
3558 817 1 250
3468 444 1 80
3598 943 1 70
3479 357 1 130
3623 625 1 60
3438 378 1 350
3264 557 1 290
3602 1202 1 60
3289 556 1 130
3524 735 1 220
3562 1309 1 230
3276 1596 1 80
3581 1322 1 220
3418 975 1 220
3274 1550 1 280
3303 1072 1 80
3461 527 1 340
3507 701 1 260
3607 1479 1 260
3433 651 1 260
3426 826 1 350
3441 666 1 270
3295 1544 1 260
3306 1011 1 80
3567 764 1 270
3337 1325 1 80
3268 1493 1 260
3613 1030 1 70
3535 1215 1 120
3594 1174 1 160
3555 1217 1 260
3364 434 1 250
3482 1097 1 240
3283 1513 1 80
3575 1262 1 70
3511 317 1 40
3361 483 1 220
3659 780 1 220
3294 1192 1 260
3380 477 1 110
3346 914 1 170
3452 509 1 170
3675 910 1 80
3330 969 1 60
3654 708 1 50
3541 421 1 80
3614 757 1 90
3527 679 1 30
3278 1585 1 120
3271 854 1 260
3457 463 1 90
3352 471 1 230
3607 1447 1 260
3210 736 1 260
3550 453 1 50
3675 926 1 80
3383 1338 1 80
3576 1335 1 160
3452 721 1 70
3273 586 1 170
3469 616 1 70
3305 1337 1 210
3303 1229 1 60
3424 416 1 250
3436 382 1 170
3608 1459 1 250
3645 885 1 350
3336 1641 1 60
3303 1529 1 250
3631 731 1 0
3560 1532 1 160
3305 1139 1 80
3290 581 1 210
3403 388 1 350
3263 594 1 140
3288 765 1 210
3372 326 1 270
3322 1329 1 260
3295 1179 1 260
3280 1500 1 80
3321 1253 1 80
3482 700 1 260
3602 793 1 90
3607 1498 1 250
3334 931 1 80
3363 417 1 250
3397 462 1 80
3405 1145 1 270
3280 952 1 30
3397 374 1 350
3634 953 1 280
3309 1584 1 260
3378 829 1 350
3262 778 1 90
3534 449 1 280
3279 1651 1 160
3573 1241 1 70
3511 716 1 210
3366 1366 1 260
3579 1480 1 80
3265 928 1 260
3317 1451 1 70
3454 993 1 60
3386 1221 1 270
3526 1437 1 250
3612 710 1 60
3480 579 1 180
3252 576 1 260
3493 803 1 160
3649 641 1 80
3406 841 1 170
3381 693 1 210
3364 561 1 150
3536 721 1 50
3608 1017 1 70
3592 1231 1 270
3307 1581 1 260
3334 1009 1 80
3451 444 1 170
3634 899 1 240
3516 1375 1 250
4329 316 1 260
3325 957 1 210
3269 1298 1 260
3513 679 1 180
3591 1509 1 60
3428 992 1 240
3303 1105 1 80
3290 1035 1 260
3288 1049 1 260
3268 1317 1 260
3403 722 1 340
3645 1588 1 340
3666 804 1 60
3368 842 1 170
3314 1077 1 240
4466 1581 1 350
3509 1255 1 250
4403 1584 1 310
3640 1564 1 30
3266 1354 1 250
3639 757 1 300
3498 781 1 130
3261 665 1 80
3452 1056 1 350
3323 1193 1 270
3614 645 1 150
3347 1469 1 260
3338 1210 1 100
3502 795 1 350
3356 519 1 90
3488 531 1 350
3368 768 1 340
529 2514 1 260
733 2820 1 0
843 2581 1 300
1882 2873 1 170
2457 2874 1 170
1199 2412 1 170
592 2799 1 0
2484 2875 1 170
1012 2478 1 0
1050 2535 1 0
1368 2609 1 0
626 2502 1 0
555 2669 1 0
1415 2673 1 0
569 2843 1 0
2165 2874 1 170
2560 2004 1 80
544 2592 1 0
2280 2215 1 0
1604 2140 1 80
981 2528 1 260
1482 2122 1 300
1500 2871 1 170
1527 2571 1 350
938 2070 1 0
1664 2228 1 260
1653 2575 1 350
505 2943 1 0
554 2703 1 0
539 1948 1 260
2010 2874 1 170
874 2815 1 0
1321 1736 1 350
1461 2618 1 80
1169 2641 1 120
1521 2103 1 80
1388 2626 1 0
742 2852 1 0
945 2627 1 80
1086 2521 1 30
1473 2882 1 170
1516 1855 1 80
580 2712 1 0
1449 2613 1 350
1088 2505 1 170
548 2682 1 0
2532 2875 1 170
1791 2120 1 80
668 2880 1 0
1086 2534 1 0
913 2860 1 0
1466 2589 1 350
1324 2603 1 0
2510 2875 1 170
529 2575 1 260
1008 2881 1 170
1544 2016 1 0
723 2596 1 0
682 2567 1 0
716 2880 1 0
1806 2136 1 30
890 2704 1 80
1275 2371 1 0
659 2747 1 0
528 2500 1 260
593 2600 1 0
1718 2566 1 170
1448 2883 1 170
1577 1826 1 260
2548 2810 1 80
2560 2800 1 80
757 2824 1 0
795 2849 1 0
637 2811 1 0
1518 2210 1 120
802 2453 1 0
1318 2039 1 300
576 2626 1 0
1924 2689 1 210
1516 1899 1 80
1386 2666 1 0
675 2727 1 0
995 2606 1 300
1070 2587 1 350
1041 2654 1 350
531 2429 1 260
971 2795 1 170
577 2283 1 0
718 2646 1 0
2074 2604 1 210
1034 2489 1 0
1805 2711 1 260
871 2585 1 0
1120 2451 1 170
1224 2635 1 80
1256 2506 1 0
813 2593 1 300
1127 2488 1 170
1378 2778 1 350
1156 2572 1 0
1050 2596 1 350
520 2466 1 260
911 2679 1 80
1164 2528 1 0
2400 2875 1 170
714 2764 1 0
1617 2580 1 260
1106 1914 1 0
1944 2485 1 170
828 2433 1 0
1124 2529 1 0
571 1736 1 350
1879 2275 1 260
607 2129 1 0
1985 2575 1 170
729 2748 1 0
1718 2526 1 210
1149 2124 1 0
1256 2015 1 0
771 2838 1 0
740 2748 1 0
615 2674 1 0
870 2375 1 80
818 2482 1 0
700 2694 1 0
665 2716 1 0
889 2684 1 0
1717 2444 1 120
1019 2694 1 0
2511 2852 1 120
1410 2813 1 0
997 2554 1 120
1792 2791 1 30
2291 2886 1 170
788 2583 1 0
1131 2138 1 0
1475 2180 1 120
798 2603 1 350
618 2444 1 0
970 2692 1 0
769 2827 1 0
819 2681 1 0
1078 2021 1 0
2546 2172 1 80
883 2837 1 0
1772 1962 1 260
1575 1799 1 260
1505 2436 1 0
1552 2807 1 0
917 2781 1 170
828 2780 1 0
1571 1978 1 120
971 2427 1 170
1513 2223 1 350
2049 2756 1 350
1294 2571 1 0
1012 2869 1 170
1056 2556 1 0
1954 2572 1 0
1716 2540 1 30
1165 2663 1 0
1703 2883 1 170
2034 2641 1 350
721 2612 1 0
714 2535 1 0
768 2810 1 0
1882 2661 1 170
1300 2871 1 170
527 2828 1 260
1613 2871 1 170
1546 1991 1 0
1386 2622 1 0
1011 2707 1 0
736 1724 1 350
716 2580 1 0
844 2733 1 0
753 3002 1 0
517 2608 1 260
1037 2581 1 350
3419 515 1 330
3322 589 1 90
3548 737 1 60
3306 1293 1 50
3659 753 1 150
3435 367 1 70
3640 669 1 230
3640 669 1 240
3304 1217 1 90
3438 378 1 170
3555 1217 1 240
3555 1217 1 250
3511 317 1 30
3511 317 1 50
3511 317 1 210
3527 679 1 40
3457 463 1 70
3303 1229 1 70
3336 1641 1 120
3290 581 1 290
3263 594 1 160
3482 700 1 270
3602 793 1 80
3280 952 1 50
3280 952 1 80
3262 778 1 20
3573 1241 1 60
3511 716 1 220
3579 1480 1 30
3579 1480 1 100
3381 693 1 80
3381 693 1 170
3364 561 1 140
3334 1009 1 100
4466 1581 1 0
4403 1584 1 330
3261 665 1 90
1664 2228 1 210
1664 2228 1 300
1664 2228 1 350
1461 2618 1 120
2074 2604 1 170
1805 2711 1 350
1985 2575 1 260
1475 2180 1 300
1475 2180 1 350
1716 2540 1 350
