3459 666 1 60
3498 559 1 60
3486 328 1 90
3420 514 1 160
3348 1325 1 270
3275 585 1 170
3299 1274 1 50
3320 976 1 170
3458 569 1 160
3496 603 1 260
3500 575 1 150
3607 1313 1 90
3450 503 1 350
3425 376 1 350
3406 706 1 300
3323 590 1 90
3304 1072 1 80
3670 824 1 60
3515 1297 1 250
3617 902 1 280
3394 1192 1 270
3604 750 1 150
3614 1030 1 70
3335 1322 1 320
3550 752 1 70
3421 393 1 150
3653 751 1 60
3435 1061 1 270
3389 801 1 250
3514 1280 1 260
3282 600 1 170
3460 648 1 80
3513 701 1 260
3307 1146 1 60
3429 688 1 120
3276 868 1 340
3474 1038 1 340
3470 444 1 80
3560 1313 1 250
3373 324 1 270
3457 377 1 160
3431 709 1 170
3318 664 1 70
3341 1631 1 80
3440 329 1 70
3533 471 1 220
3527 360 1 60
3511 383 1 160
3284 1445 1 70
3625 624 1 60
3537 1266 1 30
3509 700 1 260
3281 1534 1 70
3269 1398 1 250
3547 1294 1 240
3678 875 1 60
3565 1283 1 30
3535 1243 1 60
3265 814 1 240
3510 648 1 70
3603 1202 1 60
3310 1162 1 60
3486 305 1 0
3289 1052 1 260
3473 554 1 190
3550 736 1 50
3600 951 1 70
3285 1511 1 80
3496 683 1 260
3454 1039 1 350
3608 1479 1 260
3268 865 1 340
3290 556 1 130
3324 637 1 70
3421 1073 1 270
3381 730 1 300
3486 647 1 260
3293 1299 1 260
3285 777 1 350
3316 917 1 80
3363 1392 1 90
3434 819 1 70
3663 1591 1 60
3551 777 1 350
3609 1501 1 260
3296 791 1 0
3262 664 1 80
3305 1238 1 280
3328 1096 1 80
3416 1139 1 270
3603 793 1 90
3268 1319 1 260
3604 1301 1 80
3303 663 1 260
3538 1261 1 30
3556 1217 1 350
3268 1512 1 260
3595 714 1 250
3365 431 1 250
3299 828 1 70
3307 1291 1 250
3364 495 1 330
3609 1448 1 260
3562 1532 1 170
3521 333 1 60
3471 1096 1 240
3286 1465 1 70
3538 692 1 50
3553 1190 1 100
3544 441 1 100
3614 917 1 150
3591 1308 1 80
3321 563 1 70
3468 380 1 160
3406 721 1 330
3334 1009 1 80
3404 577 1 320
3255 617 1 220
3431 346 1 0
3481 356 1 120
3280 1584 1 120
3267 1353 1 250
3284 1605 1 120
3642 1564 1 20
3265 593 1 130
3365 416 1 250
3280 1316 1 80
3581 1500 1 60
3259 1618 1 260
3297 1542 1 260
3564 1263 1 240
3528 678 1 40
3483 579 1 180
3386 375 1 350
3442 790 1 350
3687 926 1 70
3331 1574 1 80
3614 639 1 170
3542 416 1 80
3365 778 1 340
3313 546 1 80
3420 1126 1 90
3490 530 1 350
3607 721 1 80
3323 1013 1 240
3490 1054 1 350
3418 1160 1 90
3348 1624 1 110
3380 828 1 350
3377 746 1 220
3621 1313 1 70
3537 1213 1 120
3456 288 1 250
3305 1529 1 80
3537 720 1 60
3655 708 1 50
3620 547 1 40
3269 1468 1 260
3583 1322 1 220
3338 1641 1 80
3408 412 1 140
3438 380 1 170
3602 621 1 240
3305 1115 1 70
3370 364 1 80
3427 824 1 150
3526 1069 1 320
3383 888 1 110
3649 884 1 350
3442 802 1 170
3251 775 1 60
3316 1272 1 260
3545 1426 1 230
3490 550 1 130
3523 1347 1 280
3473 1057 1 80
3287 1659 1 170
3558 1484 1 60
3323 1332 1 280
3369 887 1 200
3642 643 1 70
3606 1268 1 80
3455 518 1 340
3368 1411 1 80
3670 986 1 110
3577 1561 1 10
3458 462 1 80
3292 907 1 170
3267 927 1 260
3446 971 1 40
3620 1443 1 80
3575 808 1 70
3273 1506 1 250
3386 1295 1 80
3542 1551 1 30
3401 518 1 10
3579 1603 1 190
3359 472 1 220
3688 900 1 70
3542 1282 1 60
3392 800 1 250
3383 1412 1 320
3502 752 1 70
3509 408 1 90
3511 369 1 340
3593 1232 1 280
3575 1241 1 60
3293 1333 1 230
3609 1436 1 270
3397 1232 1 100
3580 1479 1 10
3643 862 1 330
3349 1504 1 270
3524 1544 1 240
3256 903 1 240
3463 766 1 80
3406 539 1 170
4402 1591 1 260
3250 641 1 130
3509 1247 1 250
3408 841 1 170
3287 533 1 100
3562 1204 1 260
3278 801 1 80
3290 870 1 0
3327 1643 1 330
3609 1608 1 350
3280 1393 1 260
3391 420 1 170
3304 1557 1 170
3433 409 1 270
3345 861 1 60
4420 1635 1 100
3454 508 1 160
4335 318 1 260
3508 373 1 350
3346 1193 1 90
3270 956 1 230
3410 789 1 0
3589 1450 1 30
3684 852 1 60
3357 1259 1 270
3269 1492 1 260
3281 1633 1 0
3566 725 1 200
3390 1209 1 270
3295 1193 1 260
3586 1184 1 260
3629 828 1 100
3617 763 1 140
3345 1088 1 80
3523 1418 1 250
3498 781 1 140
3298 806 1 70
3301 1235 1 90
4414 1597 1 80
3263 777 1 20
3340 1533 1 260
3638 753 1 190
3494 1168 1 250
3364 765 1 340
3332 1268 1 300
3506 1228 1 240
3443 280 1 340
3205 730 1 260
3324 1176 1 90
3516 834 1 150
3637 950 1 290
3297 1350 1 260
3613 1251 1 80
1080 1732 1 350
2550 1750 1 80
1124 2447 1 170
1489 2132 1 300
2201 1734 1 350
1779 1732 1 350
1715 1732 1 350
1738 1847 1 210
553 1732 1 350
2315 1723 1 350
1644 1733 1 350
1747 2643 1 0
2135 2685 1 0
1657 2242 1 350
2102 2627 1 0
1498 2544 1 170
2028 1733 1 350
919 2753 1 0
1514 1732 1 350
1607 1948 1 350
1482 2533 1 30
1500 2486 1 80
1581 2119 1 0
1935 2480 1 170
1803 2716 1 0
2144 2698 1 0
1676 2582 1 0
2412 2872 1 170
740 2605 1 0
1012 2866 1 170
1428 2513 1 260
2551 2149 1 80
1607 2070 1 30
1128 2540 1 0
542 1955 1 260
1668 2490 1 300
1393 2462 1 210
1553 2559 1 300
2383 2882 1 170
1048 1732 1 350
1556 2644 1 350
524 2379 1 260
1560 1884 1 170
1752 1878 1 260
1544 2051 1 350
1579 1800 1 0
1496 2439 1 350
913 2737 1 0
1027 2616 1 0
1032 2699 1 0
700 2624 1 0
1186 1732 1 350
2562 2256 1 80
1608 1943 1 300
1441 2586 1 350
1799 2677 1 350
2112 2517 1 210
1715 2514 1 260
1580 1915 1 260
1237 2628 1 350
1532 2867 1 170
1430 1980 1 0
1635 2071 1 170
2166 1733 1 350
1035 2468 1 170
2009 2009 1 0
1364 1995 1 300
656 2522 1 80
1890 1733 1 350
941 2859 1 0
1375 2452 1 30
1661 2503 1 80
1679 2730 1 0
1584 2684 1 0
1634 1966 1 350
1608 1854 1 0
1082 2564 1 0
1681 2493 1 260
597 2655 1 260
675 3009 1 0
670 2738 1 350
1349 2740 1 0
723 2644 1 0
1379 2518 1 170
581 2812 1 0
1517 1981 1 30
1519 2553 1 170
1973 2607 1 260
2139 2608 1 0
1335 2666 1 0
1429 2724 1 0
663 2403 1 0
1061 2611 1 170
1922 2327 1 0
925 1781 1 0
1905 2474 1 170
1786 2525 1 0
563 2528 1 170
2022 2820 1 0
817 2763 1 170
2423 2602 1 0
1566 1732 1 350
1709 2713 1 0
1323 1894 1 80
2121 2480 1 0
1074 2550 1 0
1026 1914 1 0
2543 2642 1 0
688 2717 1 120
2442 2849 1 170
1801 2141 1 80
1385 1977 1 300
1138 2235 1 0
1698 2449 1 170
1798 2674 1 300
846 2397 1 0
718 2305 1 0
544 1979 1 80
1186 2878 1 170
952 2818 1 30
1715 2012 1 0
1120 2610 1 80
1000 2877 1 170
2345 2656 1 0
2181 2689 1 0
3275 585 1 160
3320 976 1 160
3450 503 1 190
3550 752 1 250
3550 752 1 260
3276 868 1 350
3511 383 1 340
3285 777 1 170
3305 1238 1 90
3416 1139 1 90
3556 1217 1 240
3556 1217 1 250
3538 692 1 60
3544 441 1 50
3544 441 1 110
3404 577 1 330
3481 356 1 110
3265 593 1 150
3265 593 1 160
3297 1542 1 270
3655 708 1 40
3370 364 1 280
3427 824 1 350
3526 1069 1 140
3642 643 1 60
3577 1561 1 80
3577 1561 1 90
3577 1561 1 150
3577 1561 1 350
3620 1443 1 70
3579 1603 1 200
3392 800 1 270
3397 1232 1 90
3580 1479 1 300
3290 870 1 10
3304 1557 1 160
3345 861 1 50
3345 861 1 90
3454 508 1 170
3508 373 1 340
3589 1450 1 110
3629 828 1 90
3263 777 1 80
3638 753 1 320
3443 280 1 350
3637 950 1 280
1482 2533 1 170
1482 2533 1 210
1607 2070 1 350
1668 2490 1 120
1375 2452 1 170
688 2717 1 260
1698 2449 1 120
1798 2674 1 350
