3445 659 1 270
3350 1320 1 100
3549 1290 1 240
3442 371 1 170
3671 873 1 160
3466 371 1 160
3424 344 1 150
3539 1262 1 30
3513 1189 1 70
3390 735 1 300
3606 1274 1 80
3428 1096 1 260
3442 1003 1 260
3408 701 1 120
3567 800 1 80
3444 323 1 340
3612 571 1 240
3403 376 1 170
3329 846 1 80
3499 597 1 260
3515 695 1 260
3464 678 1 70
3645 883 1 340
3306 972 1 80
3461 534 1 250
3250 880 1 250
3331 911 1 190
3316 1303 1 50
3257 612 1 230
3628 618 1 60
3454 635 1 250
3515 376 1 160
3422 1118 1 270
3477 504 1 260
3431 683 1 130
3438 466 1 250
3327 578 1 90
3469 681 1 70
3468 299 1 250
3420 311 1 70
3426 715 1 120
3517 1283 1 250
3316 625 1 70
3476 548 1 50
3495 300 1 90
3620 557 1 70
3531 354 1 60
3616 913 1 150
3663 773 1 200
3611 1454 1 250
3307 605 1 180
3495 377 1 160
3562 1307 1 70
3385 798 1 80
3615 739 1 350
3617 1026 1 70
3456 432 1 170
3645 663 1 220
3229 829 1 230
3295 1294 1 260
3228 732 1 130
3326 1190 1 280
3588 695 1 260
3270 1506 1 250
3634 954 1 290
3509 611 1 70
3543 384 1 260
3407 335 1 230
3613 1028 1 80
3611 1474 1 260
3543 1277 1 220
3372 349 1 250
3615 1526 1 350
3282 1591 1 350
3286 1440 1 70
3489 614 1 260
3325 1328 1 290
3325 1009 1 80
3498 664 1 250
3566 1305 1 230
3404 380 1 350
3585 1317 1 220
3412 347 1 200
3602 936 1 70
3306 1067 1 80
3391 1210 1 270
3525 326 1 50
3499 677 1 260
3441 374 1 170
3433 703 1 170
3657 750 1 60
3441 621 1 260
3622 586 1 60
3506 1118 1 70
3386 375 1 170
3395 1194 1 270
3532 690 1 240
3611 1498 1 260
3605 745 1 150
3288 1488 1 80
3250 781 1 340
3614 1126 1 80
3646 856 1 330
3456 610 1 270
3286 1516 1 80
3517 1213 1 250
3259 1614 1 260
3446 684 1 260
3654 635 1 80
3375 1263 1 290
3301 1115 1 70
3557 933 1 100
3469 374 1 160
3398 1178 1 270
3502 705 1 160
3456 502 1 170
3680 904 1 80
3283 1532 1 60
3281 1355 1 80
3379 918 1 90
3623 601 1 60
3600 1552 1 180
3615 1356 1 80
3402 454 1 80
3352 920 1 190
3669 876 1 150
3297 1188 1 260
3496 534 1 80
3269 1589 1 280
3494 343 1 60
3478 440 1 10
3559 1583 1 210
3635 598 1 240
3520 1369 1 250
3582 1546 1 0
3647 729 1 340
3271 1487 1 260
3254 935 1 240
4460 1577 1 330
4448 1578 1 330
3529 1064 1 320
3260 590 1 170
3631 568 1 240
3480 312 1 240
3262 587 1 180
3473 1035 1 340
3578 1236 1 60
3342 980 1 90
3607 786 1 80
3551 1319 1 220
3538 334 1 60
4421 330 1 180
3307 1231 1 80
3419 735 1 130
3581 1599 1 210
3384 1250 1 70
3533 1519 1 330
3272 952 1 230
3565 1294 1 220
3456 785 1 350
3486 573 1 180
3290 784 1 0
3554 444 1 50
4402 1659 1 240
3427 1056 1 270
3272 1403 1 250
3673 811 1 60
4410 1583 1 330
3611 1437 1 260
3589 1299 1 290
3581 1330 1 160
3371 1406 1 80
3466 480 1 80
3451 797 1 160
3405 512 1 20
3267 551 1 270
4406 1590 1 250
3509 366 1 350
4376 328 1 170
3658 703 1 40
3367 455 1 210
3583 1495 1 60
3536 465 1 220
3281 796 1 60
3302 1246 1 60
3442 465 1 250
3435 421 1 240
3516 310 1 50
3279 1371 1 250
3413 681 1 300
3546 415 1 80
3296 1138 1 240
3505 789 1 340
3268 747 1 190
3290 1056 1 260
3359 1257 1 80
3671 798 1 60
3588 854 1 260
3504 773 1 90
3351 1464 1 290
3461 455 1 80
3536 1571 1 270
3325 1241 1 80
3315 1541 1 80
3340 1636 1 60
3293 903 1 260
3614 1474 1 260
3599 648 1 290
3512 402 1 90
3351 491 1 340
3456 437 1 170
3372 762 1 340
4406 1635 1 250
3528 1421 1 240
3272 1427 1 260
3679 920 1 80
3411 835 1 170
3368 410 1 250
3611 1002 1 80
3672 936 1 90
3349 387 1 240
3436 806 1 70
3263 920 1 240
4406 1602 1 260
3250 707 1 350
3304 864 1 340
3541 716 1 50
3589 909 1 310
3406 469 1 170
3526 1354 1 250
3348 854 1 90
3345 824 1 340
3331 513 1 330
3558 1212 1 120
3600 803 1 80
3587 729 1 270
3300 1343 1 240
3626 847 1 200
3623 1310 1 70
3521 1104 1 270
3567 1259 1 240
3281 1580 1 120
3666 1594 1 80
3560 1478 1 60
3597 636 1 250
3266 1574 1 300
3663 688 1 50
3615 1530 1 350
3622 1550 1 230
3638 1591 1 100
4334 302 1 250
3474 1053 1 80
3346 1600 1 80
3540 1504 1 60
3642 1441 1 350
3384 764 1 50
3505 1539 1 250
3291 508 1 320
3512 1242 1 250
4425 1578 1 340
1606 2132 1 30
530 2726 1 260
746 2336 1 0
1398 2464 1 30
1189 2658 1 300
1586 2532 1 170
1577 2867 1 170
808 2762 1 0
1983 2869 1 120
585 2599 1 0
1577 1792 1 260
651 2431 1 0
998 2864 1 170
2461 2870 1 170
1580 1898 1 260
2551 2168 1 80
1416 2484 1 210
1785 2754 1 350
777 2702 1 0
1636 2518 1 170
1273 2679 1 170
935 2876 1 170
1530 1909 1 80
1237 2615 1 80
906 2754 1 300
929 2809 1 0
770 2501 1 0
1489 2658 1 350
1931 2707 1 260
589 2872 1 170
610 2453 1 0
794 2536 1 0
1042 2530 1 120
1528 2638 1 350
1427 2084 1 80
1206 2691 1 80
722 2732 1 0
1903 2714 1 350
682 2373 1 0
1692 2685 1 30
698 2661 1 0
885 2752 1 0
1681 2867 1 170
1130 2494 1 170
1462 2620 1 120
1105 2876 1 170
1073 2590 1 0
1441 2528 1 170
752 2515 1 0
1588 2186 1 210
1510 2518 1 80
752 2816 1 0
1930 2869 1 170
1841 2619 1 80
1892 2685 1 30
843 2684 1 0
1045 2801 1 260
1210 2615 1 350
1089 2863 1 170
1918 1732 1 350
1240 2601 1 120
1073 2499 1 120
1072 2513 1 120
787 2836 1 0
907 2736 1 170
1748 2630 1 30
1556 2539 1 170
1446 2583 1 350
1277 2178 1 300
643 2613 1 0
1776 2616 1 350
1713 2463 1 300
2050 2865 1 170
1606 2158 1 80
1311 2592 1 170
2563 2868 1 80
1331 2598 1 210
1500 2867 1 170
539 1948 1 260
1883 2702 1 210
1093 2604 1 260
1186 2602 1 170
519 2831 1 260
2240 2856 1 80
958 2875 1 170
550 2588 1 350
996 2551 1 170
917 2538 1 120
1638 2413 1 170
609 2523 1 0
829 2756 1 0
588 2274 1 0
756 1729 1 350
1608 2220 1 350
1518 2552 1 170
1375 2677 1 0
1215 2639 1 30
860 2526 1 0
1126 2518 1 300
770 2863 1 170
699 2444 1 0
577 2492 1 0
798 2574 1 0
2055 2499 1 120
1394 1966 1 300
1325 2618 1 350
1711 2866 1 170
1715 2593 1 120
977 2504 1 170
1288 2804 1 80
1655 2221 1 120
1572 1741 1 210
862 2428 1 350
2550 2800 1 80
1254 2662 1 80
1574 1917 1 260
930 2649 1 300
873 2568 1 350
1702 2400 1 170
585 2855 1 300
1771 2779 1 80
1057 2785 1 0
807 2758 1 0
1608 2129 1 30
1416 2643 1 350
1562 2571 1 170
1140 2558 1 350
670 2458 1 0
1458 2551 1 80
1620 2878 1 170
626 2461 1 0
662 2361 1 0
1024 2839 1 0
603 2488 1 0
539 2515 1 0
956 2650 1 0
1937 2782 1 0
1490 2671 1 80
540 1967 1 260
965 2776 1 260
900 2451 1 120
1122 2660 1 300
555 2914 1 350
1396 2581 1 80
1479 2519 1 170
582 2621 1 0
770 2739 1 0
1077 2585 1 350
1684 2162 1 260
689 2518 1 0
563 1996 1 0
1218 2789 1 350
1228 2876 1 170
1153 2710 1 350
1580 1849 1 260
1299 2419 1 300
720 2426 1 0
1298 1719 1 350
2549 2663 1 80
1373 2521 1 170
3424 344 1 350
3390 735 1 130
3606 1274 1 270
3408 701 1 300
3257 612 1 220
3477 504 1 250
3476 548 1 190
3495 300 1 0
3495 300 1 80
3562 1307 1 230
3615 1526 1 0
3282 1591 1 200
3325 1009 1 240
3325 1009 1 250
3412 347 1 270
3499 677 1 0
3657 750 1 70
3250 781 1 330
3646 856 1 340
3379 918 1 80
3600 1552 1 10
3600 1552 1 20
3600 1552 1 190
3269 1589 1 270
3494 343 1 70
3559 1583 1 340
4460 1577 1 340
3480 312 1 180
3607 786 1 90
3538 334 1 50
3581 1599 1 190
3405 512 1 10
3281 796 1 70
3516 310 1 40
3296 1138 1 250
3351 1464 1 260
3351 1464 1 280
3340 1636 1 110
3293 903 1 170
3679 920 1 70
3250 707 1 340
3348 854 1 100
3331 513 1 240
3600 803 1 240
3597 636 1 260
3266 1574 1 310
3505 1539 1 210
3505 1539 1 220
1416 2484 1 30
1489 2658 1 30
1427 2084 1 30
1692 2685 1 350
1130 2494 1 120
1045 2801 1 170
1210 2615 1 300
1240 2601 1 170
1277 2178 1 260
1606 2158 1 30
1331 2598 1 300
917 2538 1 170
1715 2593 1 170
1288 2804 1 350
1416 2643 1 30
1416 2643 1 260
1562 2571 1 350
