3426 1099 1 260
3347 803 1 80
3287 718 1 150
3361 1295 1 290
3508 1175 1 240
3426 296 1 280
3446 632 1 260
3439 1013 1 270
3390 735 1 300
3499 573 1 150
3401 708 1 300
3486 512 1 90
3458 663 1 60
3665 875 1 150
3466 539 1 160
3548 752 1 130
3309 605 1 170
3430 1074 1 260
3481 292 1 170
3510 662 1 80
3511 1194 1 240
3497 557 1 200
3454 502 1 170
3479 355 1 130
3332 789 1 250
3661 751 1 70
3393 405 1 140
3541 457 1 290
3455 695 1 150
3564 803 1 70
3296 1287 1 250
3349 1321 1 100
3536 746 1 220
3458 567 1 160
3322 596 1 80
3315 513 1 330
3614 1528 1 350
3285 578 1 280
3370 1269 1 290
3636 625 1 60
3370 362 1 80
3312 527 1 260
3282 1529 1 80
3300 1249 1 50
3369 483 1 220
3364 459 1 220
3319 1447 1 80
3577 1258 1 80
3554 1258 1 90
3645 607 1 80
3407 503 1 90
3257 590 1 170
3632 728 1 0
3420 1121 1 270
3603 1278 1 270
3495 683 1 260
3327 1282 1 250
3538 1518 1 170
3496 382 1 340
3324 1191 1 270
3277 533 1 310
3453 1051 1 170
3443 787 1 350
3510 810 1 260
3585 1602 1 180
3402 339 1 230
3589 1542 1 230
3547 809 1 80
3532 1334 1 80
3255 901 1 240
3312 634 1 80
3335 926 1 80
3307 1556 1 150
3276 1547 1 300
3428 686 1 120
3392 1197 1 270
3400 821 1 350
3512 381 1 160
3602 1165 1 90
3618 868 1 320
3483 824 1 350
3527 361 1 60
3608 1456 1 260
3472 553 1 60
3298 819 1 80
3527 458 1 290
3295 567 1 280
3550 790 1 250
3526 1258 1 260
3325 1173 1 90
3390 807 1 250
3631 732 1 350
3286 1490 1 80
3521 1206 1 350
3469 442 1 80
3547 1292 1 240
3585 1335 1 160
3613 1350 1 80
3300 1066 1 80
3256 812 1 170
3292 552 1 280
3294 523 1 170
3378 830 1 150
3670 821 1 60
3631 1554 1 20
3355 1252 1 100
3688 900 1 80
3525 1362 1 250
3541 403 1 100
3645 858 1 350
3592 1508 1 80
3485 304 1 0
3600 1179 1 90
3305 1063 1 80
4459 1579 1 350
3316 660 1 280
3287 582 1 280
3427 424 1 260
3399 294 1 280
3318 955 1 80
3523 1532 1 260
3541 1253 1 30
3383 473 1 110
3360 1438 1 0
3500 1084 1 70
3609 1436 1 260
3425 670 1 300
3344 529 1 90
3332 1570 1 80
3595 1524 1 120
3293 1331 1 240
3509 1072 1 60
3498 641 1 240
3556 1206 1 240
3502 719 1 210
3323 1146 1 60
3531 1381 1 230
3324 1023 1 90
3404 459 1 320
3324 548 1 100
3351 888 1 80
3308 1295 1 270
3291 788 1 350
3476 376 1 160
3469 625 1 100
3315 1414 1 80
3548 765 1 130
3295 1540 1 330
3313 582 1 80
3634 915 1 170
3522 1408 1 260
3365 411 1 260
3553 507 1 350
3607 1503 1 270
3268 829 1 350
3454 796 1 160
3482 1085 1 240
3404 953 1 210
3428 985 1 240
3307 1625 1 340
3610 1097 1 80
3310 674 1 270
3295 767 1 60
3323 500 1 330
3396 1179 1 270
685 2860 1 350
584 2860 1 170
1655 2183 1 80
1931 2612 1 120
2542 2857 1 260
2108 2708 1 350
1569 2094 1 260
1619 2155 1 230
1576 2051 1 260
2049 2799 1 170
1260 2436 1 330
1580 1912 1 260
531 2755 1 260
1580 1845 1 260
2549 1929 1 80
1025 2527 1 130
1101 2482 1 120
2550 2216 1 80
2549 2815 1 80
1525 1920 1 70
1331 2547 1 300
1629 2544 1 190
809 2862 1 170
1216 2469 1 160
2549 2177 1 80
2273 2857 1 350
981 2564 1 120
1384 1732 1 350
1131 2571 1 350
1517 1880 1 80
1605 1946 1 320
1004 2543 1 120
2046 2732 1 350
1925 2658 1 350
1692 2095 1 80
1724 2789 1 80
834 2566 1 140
1396 2708 1 70
838 2861 1 170
1760 1935 1 250
817 2841 1 170
683 2633 1 140
2078 2763 1 350
884 2546 1 140
1279 2388 1 170
1462 2514 1 170
1018 2812 1 80
1609 2140 1 220
2091 2644 1 300
1426 1767 1 170
875 1734 1 350
929 2524 1 140
1661 2072 1 170
1593 1894 1 300
578 2658 1 140
1152 2486 1 150
1313 1732 1 350
2081 2745 1 170
1555 2537 1 150
1370 2673 1 210
916 2531 1 140
1523 2727 1 350
1671 2084 1 330
1525 1931 1 70
950 2514 1 140
1678 2132 1 90
1663 1978 1 10
1866 2691 1 90
1535 2697 1 120
2518 2846 1 170
1865 2766 1 260
1626 2520 1 150
1470 2058 1 150
1555 2693 1 300
1057 1720 1 350
889 1733 1 350
1392 2649 1 80
1317 2726 1 170
1364 2654 1 300
960 2586 1 120
1926 2868 1 160
645 2635 1 170
1924 2778 1 170
1291 2618 1 350
1109 2864 1 170
1494 2447 1 80
1220 2659 1 270
1648 1733 1 350
1935 2679 1 180
1195 2480 1 150
531 2775 1 260
2063 2530 1 200
1222 2277 1 280
971 2817 1 200
1858 2742 1 80
1772 2787 1 350
610 2834 1 170
1306 2633 1 260
1332 2650 1 80
1486 2424 1 170
1115 2684 1 260
1651 1761 1 170
638 2676 1 350
1646 1972 1 350
1461 2602 1 120
892 2737 1 210
1989 2868 1 170
990 2685 1 80
790 2584 1 170
1091 2628 1 300
1515 2194 1 260
1515 2040 1 170
1631 2581 1 80
2549 2163 1 80
2047 2858 1 170
1595 1751 1 170
1707 2651 1 140
845 1732 1 350
2025 2733 1 170
1190 2779 1 300
2066 2712 1 120
1098 2605 1 350
1519 1806 1 80
525 2931 1 340
2033 2797 1 170
1586 2497 1 260
697 2628 1 140
1011 2473 1 150
1200 2575 1 170
921 2738 1 210
1733 2801 1 80
1754 1887 1 240
2391 2846 1 170
2266 2869 1 170
1709 2017 1 260
1365 2693 1 350
965 2766 1 260
1670 2199 1 120
559 2664 1 170
1263 2564 1 260
1199 2643 1 260
1428 1793 1 300
1533 2287 1 120
1633 2561 1 300
1509 2599 1 120
1572 2074 1 70
1331 1721 1 340
1042 2670 1 350
541 2674 1 140
566 2685 1 350
1514 2027 1 100
1062 2739 1 120
1433 2591 1 300
1345 2717 1 170
1099 2690 1 170
1714 2830 1 350
998 2776 1 260
1552 2558 1 120
1806 2439 1 350
938 2712 1 170
2169 2869 1 170
1232 2667 1 260
1576 2408 1 80
1572 2092 1 70
1315 2577 1 260
801 2617 1 350
953 2612 1 120
1550 2505 1 90
1112 2772 1 350
1161 2714 1 260
629 2641 1 140
1580 2173 1 80
2191 1733 1 350
2411 2869 1 160
1670 2157 1 90
2550 2620 1 80
1787 2785 1 260
1121 2537 1 170
1367 2433 1 170
1678 2177 1 280
2012 2867 1 170
2549 2680 1 80
1008 2732 1 260
1249 2755 1 170
1673 2858 1 120
842 2840 1 170
1617 1750 1 170
1713 2041 1 260
1259 2528 1 260
1414 2549 1 110
1856 2681 1 270
534 2842 1 100
1259 2334 1 300
752 2842 1 120
1460 2719 1 260
860 2690 1 350
1352 2690 1 260
1850 2722 1 270
1498 1925 1 80
1807 2761 1 300
1248 2588 1 120
987 2853 1 50
1563 2653 1 350
1430 2739 1 30
1038 2840 1 300
1713 2628 1 350
1554 1849 1 120
1732 2614 1 350
1818 2715 1 170
1087 2191 1 120
1648 2862 1 170
2078 2645 1 260
1540 2309 1 170
1091 2721 1 260
791 2836 1 120
648 2804 1 260
546 1876 1 260
1419 2410 1 0
1953 2611 1 320
637 2835 1 170
608 2849 1 80
1124 2843 1 300
1257 2404 1 320
571 2746 1 300
747 2854 1 300
1572 1933 1 260
1856 2609 1 290
1532 2180 1 260
1455 2635 1 270
1263 2219 1 260
1696 2061 1 260
947 1720 1 350
1446 1759 1 170
1124 2541 1 170
1172 2634 1 130
2046 2581 1 170
1565 2628 1 130
1004 2557 1 120
536 2509 1 260
604 1997 1 350
2172 1733 1 350
1198 2805 1 30
1260 2440 1 350
2162 2641 1 220
1713 2826 1 350
1732 2644 1 120
2178 2692 1 260
1576 2253 1 170
1287 2638 1 140
1344 2449 1 350
1766 2052 1 80
1127 2875 1 170
2518 2870 1 170
1298 2709 1 350
3499 573 1 240
3486 512 1 0
3486 512 1 20
3486 512 1 30
3458 663 1 270
3466 539 1 150
3497 557 1 60
3454 502 1 350
3661 751 1 260
3564 803 1 80
3322 596 1 90
3370 362 1 70
3300 1249 1 60
3407 503 1 280
3585 1602 1 190
3483 824 1 60
3483 824 1 70
3483 824 1 80
3472 553 1 330
3325 1173 1 280
3521 1206 1 50
3521 1206 1 60
3547 1292 1 40
3305 1063 1 70
3399 294 1 290
3399 294 1 310
3595 1524 1 130
3498 641 1 230
3498 641 1 250
3531 1381 1 260
3634 915 1 200
3365 411 1 250
3268 829 1 40
3268 829 1 260
3268 829 1 270
1260 2436 1 350
2549 1929 1 70
1692 2095 1 90
1396 2708 1 60
1609 2140 1 40
1609 2140 1 210
929 2524 1 120
578 2658 1 170
1555 2693 1 260
1364 2654 1 260
1772 2787 1 300
525 2931 1 330
1011 2473 1 170
1670 2199 1 210
1533 2287 1 170
1331 1721 1 350
1514 2027 1 90
1062 2739 1 170
1345 2717 1 210
1161 2714 1 80
2411 2869 1 170
1670 2157 1 80
1678 2177 1 300
1673 2858 1 170
1414 2549 1 100
1850 2722 1 260
1713 2628 1 30
1713 2628 1 80
1554 1849 1 100
1554 1849 1 260
637 2835 1 260
1257 2404 1 150
1856 2609 1 70
1263 2219 1 270
1263 2219 1 280
1198 2805 1 300
2162 2641 1 230
1344 2449 1 30
