3283 719 1 340
3507 1185 1 70
3417 512 1 150
3440 663 1 270
3461 376 1 160
3471 509 1 250
3345 1324 1 100
3665 876 1 160
3426 289 1 70
3544 1293 1 240
3403 704 1 300
3330 791 1 260
3446 376 1 170
3394 381 1 170
3418 349 1 150
3311 626 1 70
3534 1264 1 30
3446 501 1 350
3417 1123 1 90
3296 1273 1 50
3458 682 1 70
3606 573 1 240
3489 305 1 0
3509 381 1 160
3561 804 1 80
3507 644 1 70
3324 851 1 80
3556 815 1 250
3601 1277 1 80
3379 1252 1 90
3426 686 1 120
3326 914 1 190
3449 639 1 0
3509 658 1 70
3222 765 1 70
3488 635 1 260
3389 721 1 350
3312 1307 1 50
3302 872 1 20
3272 584 1 170
3501 1117 1 70
3379 802 1 70
3493 668 1 40
3490 382 1 160
3391 1191 1 270
3546 733 1 50
3493 681 1 260
3603 748 1 150
3403 1144 1 270
3557 1310 1 240
3385 738 1 300
3623 623 1 60
3365 1410 1 80
3650 748 1 60
3509 701 1 260
3512 1287 1 250
3463 379 1 160
3304 1289 1 250
3607 1458 1 250
3252 616 1 230
3336 779 1 260
3399 516 1 50
3361 1277 1 290
3306 1152 1 70
3283 1491 1 80
3301 975 1 80
3640 887 1 340
3537 388 1 260
3294 789 1 70
3386 1214 1 270
3551 719 1 50
3601 1300 1 80
3597 943 1 70
3398 385 1 350
3658 778 1 220
3614 559 1 70
3609 1005 1 80
3629 957 1 290
3281 1510 1 80
3283 1464 1 70
3535 1519 1 160
3561 1308 1 230
3498 697 1 100
3317 562 1 80
3467 442 1 80
3278 1531 1 70
3481 1095 1 240
3384 438 1 40
3599 1556 1 180
3329 967 1 60
3425 985 1 230
3362 460 1 210
3558 802 1 80
3401 401 1 140
3456 624 1 80
3525 358 1 60
3424 1048 1 270
3447 506 1 190
3425 379 1 160
3440 434 1 250
3531 835 1 160
3266 1490 1 260
3674 908 1 80
3618 605 1 60
3538 1279 1 220
3520 1343 1 250
3303 1214 1 80
3569 828 1 50
3288 553 1 140
3506 698 1 260
3273 535 1 300
3648 639 1 80
3606 1495 1 250
3659 727 1 100
3510 676 1 180
3558 1529 1 160
3579 1507 1 240
3467 806 1 160
3296 1118 1 70
3580 1320 1 220
3318 1338 1 230
3262 592 1 150
3668 893 1 10
3611 916 1 150
3606 1444 1 260
3488 348 1 70
3473 576 1 170
3479 449 1 10
3390 835 1 160
3302 1529 1 80
3540 416 1 70
3640 669 1 220
3264 921 1 210
3583 698 1 270
3547 506 1 0
3437 482 1 250
3335 1639 1 110
3439 688 1 260
3523 1067 1 320
3503 1067 1 60
3684 926 1 70
3363 432 1 250
3349 924 1 190
3299 796 1 70
3337 1208 1 100
3535 719 1 50
3321 1191 1 100
3437 717 1 120
3631 1490 1 160
3533 1212 1 120
3371 1264 1 290
3468 1038 1 350
3591 1228 1 280
3605 1476 1 260
3436 762 1 80
3625 572 1 240
3420 317 1 70
3451 722 1 70
3500 372 1 350
3517 327 1 60
3611 1358 1 70
3306 543 1 270
3611 1256 1 70
3345 841 1 160
3452 1038 1 340
3267 1416 1 250
3648 883 1 350
3396 459 1 80
3553 1215 1 240
3314 1269 1 250
3310 1543 1 80
3587 1447 1 110
4453 1580 1 320
3499 718 1 210
3321 585 1 90
3435 823 1 80
3550 939 1 280
3354 1264 1 250
3578 1477 1 110
3478 404 1 100
3572 1239 1 70
3486 828 1 80
3488 573 1 150
3498 415 1 190
3288 1033 1 260
3275 1376 1 260
3613 637 1 170
3532 1242 1 230
3661 1590 1 60
4402 1582 1 340
3302 1368 1 240
3474 415 1 90
4327 306 1 250
3644 1589 1 350
3288 906 1 210
3541 769 1 150
3451 455 1 350
3576 1601 1 190
3681 850 1 60
3360 1391 1 90
3530 823 1 70
3640 860 1 340
3266 1508 1 250
3600 792 1 100
3380 691 1 160
3387 503 1 30
3351 469 1 230
4401 1628 1 240
3592 713 1 240
3293 844 1 10
3500 460 1 260
3499 750 1 60
3320 1012 1 240
3475 508 1 260
3266 1313 1 260
3320 499 1 330
3436 741 1 70
3332 1007 1 80
3339 884 1 40
3487 485 1 340
3345 496 1 340
3362 414 1 250
3596 1225 1 260
3343 392 1 250
3460 487 1 70
3256 569 1 290
3338 573 1 70
3357 358 1 260
3275 1594 1 80
3277 1582 1 120
3365 766 1 340
3379 769 1 60
3398 805 1 240
3613 762 1 140
3494 793 1 340
3381 1336 1 80
3335 897 1 30
3267 1302 1 260
3619 1311 1 70
3365 402 1 100
3302 1228 1 60
3535 1565 1 220
3529 833 1 170
3541 701 1 50
3620 784 1 80
3263 555 1 120
3253 901 1 240
3670 753 1 60
3371 838 1 160
3376 662 1 310
3546 1144 1 120
3528 1446 1 250
3465 360 1 150
3606 708 1 170
3342 592 1 80
3304 1015 1 80
3299 1494 1 280
3276 800 1 60
3408 838 1 160
3351 884 1 130
3596 537 1 230
3629 1554 1 20
3259 662 1 80
3440 278 1 350
3590 1513 1 60
3593 1464 1 310
3435 691 1 310
1156 2622 1 350
1602 2131 1 210
1769 2634 1 80
1458 2593 1 350
1583 2879 1 170
1881 2751 1 350
1568 2096 1 260
1435 2183 1 260
1601 2101 1 300
2561 2836 1 80
1129 2553 1 120
1076 2575 1 170
1356 2535 1 350
735 2863 1 350
1633 1958 1 170
964 2549 1 350
1099 2555 1 350
1532 2676 1 170
534 1780 1 260
1070 2504 1 120
523 2431 1 260
1542 2431 1 350
1563 2631 1 120
1950 2861 1 170
531 2792 1 260
1995 2464 1 170
1176 2485 1 170
1345 2586 1 170
1921 2634 1 260
619 2663 1 0
846 2594 1 260
1742 2605 1 80
1054 2512 1 120
742 2562 1 0
1456 2555 1 260
1910 2862 1 170
2542 2860 1 260
1632 2434 1 350
1861 2804 1 260
1369 2641 1 30
1493 2669 1 120
1265 2438 1 350
577 2678 1 350
2214 2882 1 170
935 2784 1 80
1318 1927 1 80
2560 2556 1 80
852 2852 1 80
1107 2868 1 170
1407 2113 1 260
750 2612 1 170
713 2611 1 170
990 2844 1 170
1521 2166 1 80
2250 2848 1 170
521 2577 1 260
1193 2482 1 170
1304 2866 1 170
2397 2849 1 170
1441 2517 1 170
937 2580 1 80
872 2845 1 170
708 2875 1 170
1372 2868 1 170
1959 2591 1 170
1507 2097 1 290
1294 2430 1 350
1927 2871 1 170
1245 2692 1 170
1291 2621 1 350
716 2862 1 350
1080 2635 1 300
1605 2165 1 30
606 2661 1 170
1927 2706 1 260
1802 2393 1 170
646 2448 1 0
910 2664 1 80
1698 1954 1 30
890 2766 1 80
1865 2770 1 260
1672 1984 1 30
1705 2103 1 260
1093 2643 1 80
1473 2680 1 170
2147 2712 1 30
618 2440 1 0
979 2654 1 80
1009 2678 1 170
976 2516 1 300
2549 2819 1 80
983 2581 1 120
1510 2223 1 350
1554 2674 1 350
1305 2655 1 300
2080 2620 1 350
1045 2469 1 150
1632 2123 1 260
955 2782 1 260
802 2534 1 0
1406 2738 1 80
1012 2553 1 350
1997 2707 1 190
822 2606 1 350
1538 2218 1 350
1565 1743 1 170
706 2844 1 170
1082 2864 1 170
1231 2865 1 170
816 2845 1 170
2551 1910 1 80
558 2505 1 0
537 2438 1 0
1510 2810 1 0
894 2700 1 80
523 2420 1 260
1282 2688 1 260
962 2657 1 260
1276 2705 1 350
599 1975 1 350
1487 2576 1 350
1127 2535 1 260
1585 2533 1 150
1246 2560 1 80
1683 1839 1 80
905 2785 1 30
2160 2659 1 30
1125 2545 1 210
1474 2811 1 0
1250 2726 1 0
1524 2652 1 120
1117 2561 1 350
1456 2723 1 0
1787 2789 1 260
1683 1995 1 30
557 2738 1 0
1881 2861 1 170
917 2699 1 260
1263 2606 1 170
1463 2425 1 210
1696 2125 1 260
639 2741 1 0
725 1735 1 350
941 2744 1 0
1526 2304 1 0
1190 2468 1 120
582 2640 1 0
1342 2777 1 350
593 2068 1 170
1640 1928 1 80
1063 2609 1 120
853 2792 1 0
927 2607 1 120
803 2572 1 0
990 2801 1 260
1853 2403 1 120
1595 1973 1 350
628 2571 1 0
1566 1798 1 80
1188 2806 1 350
1107 2760 1 120
797 2849 1 170
2053 2763 1 0
571 2412 1 0
549 2675 1 0
553 2669 1 0
1051 2578 1 350
3283 719 1 220
3665 876 1 20
3509 381 1 340
3561 804 1 70
3556 815 1 180
3389 721 1 270
3302 872 1 0
3302 872 1 350
3490 382 1 340
3557 1310 1 80
3509 701 1 270
3252 616 1 220
3336 779 1 150
3399 516 1 10
3399 516 1 20
3640 887 1 330
3537 388 1 270
3561 1308 1 240
3278 1531 1 80
3384 438 1 50
3599 1556 1 340
3440 434 1 260
3659 727 1 60
3579 1507 1 60
3579 1507 1 80
3296 1118 1 80
3640 669 1 240
3437 482 1 260
3363 432 1 260
3337 1208 1 90
3535 719 1 60
3420 317 1 80
3517 327 1 50
3587 1447 1 120
3435 823 1 70
3354 1264 1 240
3354 1264 1 260
3572 1239 1 60
3541 769 1 160
3541 769 1 170
3576 1601 1 200
3600 792 1 90
3380 691 1 200
3380 691 1 240
3499 750 1 70
3320 499 1 340
3339 884 1 30
3256 569 1 280
3613 762 1 150
3335 897 1 40
3535 1565 1 230
3541 701 1 40
3263 555 1 130
3376 662 1 290
3351 884 1 90
3259 662 1 250
3259 662 1 260
3440 278 1 340
3590 1513 1 80
1602 2131 1 30
1881 2751 1 300
1601 2101 1 80
1356 2535 1 170
1921 2634 1 80
1742 2605 1 350
1369 2641 1 260
852 2852 1 120
852 2852 1 260
852 2852 1 350
990 2844 1 210
872 2845 1 210
1605 2165 1 80
1605 2165 1 210
1927 2706 1 30
1927 2706 1 80
1927 2706 1 120
910 2664 1 120
1865 2770 1 270
1093 2643 1 120
1473 2680 1 80
1045 2469 1 140
1012 2553 1 120
905 2785 1 80
2160 2659 1 260
