3442 666 1 270
3348 1325 1 100
3406 706 1 300
3423 377 1 190
3425 1102 1 260
3463 378 1 160
3332 802 1 260
3456 570 1 160
3486 306 1 0
3468 464 1 190
3564 804 1 250
3281 601 1 170
3457 341 1 150
3296 1291 1 60
3439 1013 1 260
3603 1280 1 270
3323 589 1 90
3429 307 1 70
3393 383 1 170
3504 602 1 70
3510 648 1 70
3461 649 1 80
3652 749 1 50
3547 1296 1 240
3536 1266 1 30
3391 723 1 270
3607 1159 1 80
3496 384 1 340
3429 688 1 120
3450 504 1 190
3604 563 1 230
3434 339 1 350
3453 1040 1 350
3461 684 1 70
3417 319 1 80
3440 325 1 70
3420 1123 1 270
3560 1314 1 250
3376 923 1 90
3309 682 1 280
3304 977 1 80
3494 667 1 260
3617 564 1 70
3322 1014 1 240
3404 722 1 340
3329 917 1 200
3423 721 1 0
3495 683 1 260
3396 1183 1 270
3281 1533 1 80
3614 1035 1 70
3610 1034 1 70
3564 1312 1 240
3485 575 1 180
3642 671 1 240
3256 1630 1 260
3278 1597 1 80
3284 1513 1 80
3427 1050 1 270
3583 1315 1 250
3297 792 1 70
3602 751 1 150
3275 1551 1 280
3392 1200 1 270
3496 308 1 90
3647 607 1 70
3418 1161 1 90
3435 343 1 340
3421 1077 1 260
3430 709 1 170
3527 362 1 250
3372 1269 1 290
3250 641 1 130
3506 369 1 350
3613 745 1 350
3382 477 1 110
3323 1195 1 100
3444 378 1 170
3280 1569 1 330
3495 1127 1 240
3603 794 1 100
3255 904 1 240
3322 775 1 260
3469 618 1 80
3515 1300 1 250
3427 358 1 260
3578 1604 1 200
3591 1327 1 250
3466 381 1 160
3670 824 1 60
3395 462 1 80
3279 803 1 70
3538 1262 1 30
3317 918 1 50
3382 803 1 70
3258 1618 1 260
3330 1574 1 80
3487 638 1 260
3342 756 1 60
3673 962 1 90
3348 816 1 160
3264 594 1 130
3385 1235 1 240
3617 1335 1 70
3615 1533 1 350
3643 931 1 250
3272 1509 1 250
3609 1460 1 250
3387 441 1 50
3365 495 1 330
3268 1320 1 260
3582 1393 1 70
3313 634 1 70
3603 1159 1 80
3323 1333 1 260
3265 866 1 340
3334 1008 1 80
3369 357 1 250
3296 1543 1 270
3320 1300 1 40
3591 1510 1 80
3644 885 1 340
3609 1503 1 260
3643 863 1 330
3671 896 1 10
3526 1069 1 140
3537 1213 1 120
3484 1097 1 240
3531 382 1 150
3533 471 1 220
3364 462 1 210
3382 1255 1 90
3256 956 1 240
3613 1362 1 80
3321 964 1 50
3609 1448 1 260
4468 1586 1 340
3428 381 1 160
3339 985 1 90
3595 712 1 90
3521 1340 1 250
3338 781 1 150
3491 350 1 70
3381 1274 1 80
3449 508 1 190
3284 1446 1 70
3535 1243 1 60
3373 325 1 270
3293 1019 1 260
3577 1562 1 80
3405 577 1 330
3261 833 1 50
3564 1263 1 240
3575 1242 1 60
3528 680 1 40
3377 829 1 350
3619 1477 1 80
3288 1106 1 250
3595 1462 1 70
3473 511 1 250
3486 622 1 260
3269 1493 1 260
3414 472 1 140
3347 1625 1 110
3462 793 1 20
3317 663 1 60
3427 987 1 220
3307 1315 1 270
3556 1217 1 240
3602 666 1 260
3527 1512 1 260
3304 1229 1 60
3440 437 1 260
3545 1476 1 270
3303 1241 1 90
4453 1579 1 340
3235 887 1 240
3504 804 1 160
3264 753 1 180
3542 698 1 50
3651 956 1 280
3258 572 1 280
3593 1233 1 270
3402 519 1 10
3534 483 1 270
3672 1602 1 80
3677 910 1 80
3511 1255 1 260
3352 380 1 280
3608 1479 1 260
3540 1549 1 40
3472 1098 1 240
3608 1008 1 80
3399 461 1 80
3335 933 1 80
3269 1469 1 260
3397 1233 1 90
4425 1587 1 340
3471 1070 1 210
4330 296 1 270
3614 1055 1 70
3337 1641 1 60
3520 745 1 220
3291 909 1 170
3538 1521 1 170
3365 782 1 340
3650 733 1 330
3659 778 1 200
3431 492 1 90
3458 463 1 90
3323 905 1 170
3550 946 1 110
4298 624 1 80
3341 886 1 30
3383 888 1 100
3473 340 1 80
3666 882 1 150
3531 333 1 60
3676 925 1 80
3288 1058 1 260
3449 290 1 240
3302 797 1 70
3442 690 1 260
3408 374 1 350
3299 825 1 70
3272 1626 1 80
3306 1216 1 80
3501 1103 1 70
3354 471 1 230
3604 639 1 250
3615 640 1 170
3550 800 1 260
3463 767 1 80
3362 1450 1 70
3272 853 1 260
3365 432 1 250
3344 607 1 80
3514 679 1 180
3314 1534 1 80
3285 778 1 350
3604 1078 1 260
3489 531 1 350
3269 1398 1 250
3611 762 1 130
3406 841 1 160
3310 1585 1 260
3551 719 1 60
3207 714 1 250
3435 413 1 270
3536 796 1 350
3279 1585 1 120
3611 1402 1 70
3614 1622 1 170
3612 822 1 90
3557 1427 1 70
3319 1192 1 100
3527 798 1 340
3294 1143 1 240
3291 555 1 130
3373 840 1 170
3345 1195 1 70
3639 1445 1 350
3322 823 1 260
3601 539 1 80
3558 541 1 190
4401 1589 1 260
3453 443 1 170
3229 700 1 270
3308 1582 1 260
3281 985 1 160
3369 768 1 340
4334 299 1 260
3684 853 1 60
3422 436 1 60
3606 721 1 80
3577 1261 1 70
3344 595 1 80
3617 1447 1 80
1575 2209 1 170
2026 2600 1 350
1496 2476 1 80
1018 2816 1 80
2158 2638 1 210
1284 2674 1 350
1626 2523 1 150
531 2704 1 260
1597 1977 1 350
1619 2133 1 260
2549 2635 1 80
1496 2611 1 260
770 2606 1 170
1038 2593 1 170
1602 2132 1 30
2548 2820 1 80
1101 1723 1 350
1518 1860 1 80
1431 1734 1 350
1896 2882 1 170
831 2603 1 350
1601 2049 1 170
721 2623 1 170
1721 2662 1 170
1999 2863 1 170
2104 2572 1 210
1313 1723 1 350
2282 2854 1 170
1246 2560 1 80
1587 2049 1 190
2194 1724 1 350
1065 2763 1 170
2561 1941 1 80
1571 1935 1 260
1495 2170 1 120
1075 2576 1 170
2079 2622 1 170
1294 2701 1 260
2443 2850 1 170
1808 2395 1 170
1597 1734 1 350
1670 2674 1 80
1585 2130 1 80
1233 2879 1 170
1967 1724 1 350
1576 1784 1 260
1119 2612 1 260
1368 2674 1 170
1257 2499 1 210
1579 1916 1 260
1662 2087 1 350
1185 2706 1 0
1156 2600 1 120
1543 2663 1 350
1854 2667 1 350
1639 1930 1 30
1051 2640 1 260
1986 2694 1 190
1203 2765 1 260
1471 2150 1 290
1058 2590 1 350
1133 2495 1 350
1913 2607 1 120
1769 1986 1 230
603 1734 1 350
1663 1981 1 30
1260 2440 1 350
1897 2353 1 260
1635 2073 1 0
1242 2401 1 170
857 2845 1 170
1414 1813 1 260
1174 2879 1 170
1064 2665 1 350
1295 2573 1 80
1280 2743 1 260
1705 2011 1 260
1719 2631 1 350
1725 2762 1 210
1521 2796 1 170
871 2849 1 210
1667 1952 1 350
1616 2063 1 180
2005 2585 1 170
2549 2579 1 80
1263 2577 1 260
1343 2707 1 80
2174 2624 1 210
707 1735 1 350
2049 2802 1 170
2488 1740 1 350
585 2531 1 0
879 2551 1 170
1690 2142 1 260
1736 2541 1 230
987 2868 1 170
1337 2696 1 300
1389 2695 1 80
1519 2524 1 210
1851 2760 1 260
1815 2401 1 170
1300 2784 1 0
571 2845 1 170
918 2625 1 120
1479 2599 1 120
1436 1789 1 300
560 2835 1 0
1750 1876 1 240
1970 2652 1 170
1606 1929 1 210
1259 2577 1 260
2146 2711 1 30
2322 2848 1 170
2298 2760 1 170
2234 2684 1 260
1582 1941 1 120
551 2917 1 300
1589 2437 1 350
1577 1992 1 350
1621 1930 1 300
638 1723 1 350
1330 2552 1 80
1190 2636 1 80
1012 2553 1 120
1204 2581 1 210
1833 2580 1 190
1426 2579 1 120
2427 2822 1 0
519 2632 1 260
1687 2138 1 280
818 2755 1 0
1178 2472 1 170
1240 2762 1 0
1924 2662 1 350
1400 2807 1 350
972 2159 1 0
1647 2589 1 350
2357 2281 1 0
1793 2518 1 300
3442 666 1 120
3332 802 1 250
3564 804 1 80
3457 341 1 340
3450 504 1 350
3604 563 1 240
3281 1533 1 100
3564 1312 1 250
3642 671 1 220
3583 1315 1 270
3647 607 1 80
3435 343 1 350
3421 1077 1 270
3591 1327 1 130
3382 803 1 80
3258 1618 1 270
3643 931 1 240
3323 1333 1 280
3323 1333 1 290
3334 1008 1 90
3296 1543 1 260
3591 1510 1 70
3531 382 1 160
3595 712 1 260
3577 1562 1 10
3577 1562 1 20
3577 1562 1 90
3577 1562 1 110
3577 1562 1 160
3577 1562 1 210
3261 833 1 60
3261 833 1 70
3528 680 1 30
3462 793 1 10
3427 987 1 230
3593 1233 1 250
3593 1233 1 280
3402 519 1 40
3534 483 1 190
3352 380 1 270
3540 1549 1 60
3650 733 1 200
3383 888 1 110
3272 1626 1 60
3551 719 1 30
3551 719 1 50
3435 413 1 210
3435 413 1 260
3557 1427 1 30
3291 555 1 100
3291 555 1 140
2158 2638 1 30
1619 2133 1 210
1619 2133 1 350
1496 2611 1 120
1496 2611 1 210
1246 2560 1 30
1156 2600 1 170
1986 2694 1 170
1769 1986 1 240
1663 1981 1 350
857 2845 1 210
1343 2707 1 170
1690 2142 1 300
1337 2696 1 350
918 2625 1 80
1436 1789 1 350
1970 2652 1 80
1833 2580 1 170
1793 2518 1 260
