3284 719 1 340
3419 512 1 160
3458 567 1 340
3441 663 1 270
3470 592 1 80
3331 792 1 260
3395 381 1 170
3303 872 1 20
3438 1009 1 260
3563 802 1 80
3509 1194 1 240
3492 382 1 160
3535 1265 1 30
3381 802 1 80
3448 501 1 350
3610 583 1 50
3548 748 1 250
3455 696 1 60
3312 1306 1 40
3405 704 1 300
3414 382 1 350
3576 1322 1 110
3457 532 1 250
3295 1291 1 60
3511 700 1 260
3609 1286 1 80
3307 681 1 280
3420 349 1 150
3346 1323 1 260
3441 789 1 350
3434 337 1 340
3439 323 1 70
3492 698 1 270
3548 734 1 50
3403 459 1 80
3392 1192 1 270
3460 682 1 70
3512 381 1 160
3641 668 1 220
3268 864 1 330
3493 665 1 260
3507 699 1 260
3513 1286 1 250
3545 749 1 240
3445 633 1 260
3480 1086 1 240
3652 753 1 70
3450 1053 1 210
3646 605 1 70
3558 1310 1 80
3458 693 1 70
3491 305 1 0
3509 647 1 70
3526 358 1 60
3647 883 1 350
3630 934 1 270
3539 388 1 260
3669 822 1 60
3279 1533 1 70
3472 553 1 50
3535 1213 1 120
3425 1049 1 270
3376 352 1 60
3536 748 1 80
3567 762 1 270
3280 598 1 170
3270 1572 1 290
3514 1126 1 70
3459 647 1 70
3598 940 1 70
3307 1001 1 80
3562 1308 1 230
3576 1260 1 310
3303 1070 1 80
3304 1215 1 80
3409 1126 1 270
3259 607 1 280
3322 1193 1 100
3485 333 1 90
3398 385 1 350
3495 682 1 260
3322 1329 1 260
3321 1013 1 240
3347 924 1 190
3577 1602 1 190
3367 1271 1 290
3472 509 1 250
3634 950 1 280
3283 1511 1 80
3614 1531 1 350
3303 1229 1 60
3470 375 1 0
3329 967 1 60
3608 1495 1 250
3323 585 1 90
3609 743 1 350
3295 1542 1 270
3442 438 1 270
3489 829 1 0
3576 1559 1 170
3405 348 1 240
3523 671 1 20
3389 814 1 250
3431 426 1 240
3354 1316 1 70
3267 1492 1 260
3386 438 1 210
3401 517 1 10
3308 1163 1 60
3601 794 1 100
3283 1444 1 70
3542 418 1 80
3660 779 1 220
3611 1006 1 70
3367 1410 1 80
3462 350 1 250
3537 1520 1 230
3581 1320 1 220
3574 1240 1 30
3503 802 1 160
3553 722 1 50
3426 704 1 290
3495 372 1 340
3427 303 1 70
3603 910 1 310
3607 1436 1 270
3532 469 1 220
3525 1434 1 250
3375 922 1 90
3390 735 1 300
3427 687 1 130
3559 803 1 80
3611 606 1 250
3365 431 1 250
3398 460 1 80
3312 626 1 70
3612 540 1 40
3431 408 1 280
3555 1216 1 250
3533 1241 1 60
3562 1259 1 250
3550 450 1 50
3602 1201 1 60
3409 686 1 300
3290 1031 1 260
714 2516 1 170
722 1730 1 350
730 2436 1 80
562 2621 1 0
530 2661 1 260
578 2516 1 80
707 2452 1 350
627 2292 1 80
1299 2427 1 350
931 1821 1 0
707 2821 1 0
980 2764 1 170
938 2709 1 260
594 2277 1 170
562 2004 1 260
838 2741 1 170
882 2812 1 350
546 2549 1 350
564 2509 1 260
732 2421 1 300
747 2508 1 350
594 2829 1 0
1060 2708 1 0
683 2837 1 170
996 2788 1 170
842 2625 1 300
594 2258 1 350
579 1972 1 0
1013 2716 1 170
674 2740 1 260
1059 2668 1 350
841 2765 1 260
812 2646 1 350
538 2778 1 0
699 2565 1 80
658 2236 1 0
675 2381 1 260
579 2733 1 260
587 2616 1 0
817 1788 1 260
530 2836 1 170
666 2556 1 300
722 2253 1 350
1466 2781 1 0
714 2301 1 0
618 2020 1 0
1743 2867 1 170
1500 2837 1 80
891 2148 1 80
850 2636 1 170
722 2591 1 300
843 2436 1 0
626 1984 1 0
770 2664 1 350
563 2307 1 80
811 2181 1 0
849 1805 1 260
731 2100 1 0
625 1805 1 0
1155 2769 1 0
1382 2716 1 80
661 2686 1 80
619 2511 1 260
1485 2128 1 300
677 2533 1 80
997 2451 1 350
2538 2831 1 80
794 2215 1 0
563 1813 1 0
642 2494 1 80
818 2396 1 0
588 2501 1 0
1751 2569 1 300
1514 2481 1 210
1179 2300 1 170
1001 2710 1 0
572 2812 1 0
1099 1749 1 80
1331 1731 1 350
691 2460 1 170
683 1788 1 0
1943 2644 1 170
872 2724 1 170
1091 2845 1 80
795 2573 1 120
1138 2806 1 0
796 2636 1 170
801 2084 1 260
811 2357 1 0
803 2723 1 350
1242 2748 1 350
722 2125 1 0
874 2180 1 260
556 1730 1 350
682 2117 1 0
1043 2685 1 0
882 2645 1 210
851 2730 1 80
953 2693 1 170
778 2476 1 0
1528 2758 1 80
1392 2750 1 30
1341 2710 1 170
2281 2684 1 80
857 1821 1 350
1597 2126 1 210
1098 2759 1 120
643 2805 1 0
801 2623 1 350
1727 2630 1 30
2129 2860 1 170
858 2613 1 0
882 2389 1 0
884 2629 1 170
1016 2562 1 350
1340 2756 1 0
1784 1732 1 350
1850 2678 1 170
1058 1844 1 0
978 2431 1 350
916 2593 1 350
972 2725 1 0
1258 2549 1 260
1468 2487 1 80
2434 2822 1 170
673 1738 1 30
580 2756 1 80
1866 2766 1 260
858 2283 1 30
929 2469 1 0
1042 2230 1 0
1335 2502 1 80
881 2341 1 0
907 2491 1 0
1576 1916 1 260
1553 2777 1 170
1006 2596 1 350
1396 1731 1 350
620 2684 1 260
1037 2768 1 0
682 2422 1 170
1451 2829 1 170
1061 1731 1 350
595 1972 1 260
893 2364 1 260
1531 2822 1 170
914 1765 1 0
801 2492 1 0
1547 2559 1 300
1058 2695 1 80
1683 1858 1 120
1355 2853 1 80
873 2437 1 0
1004 1873 1 0
2547 2795 1 80
1129 1909 1 0
530 2493 1 260
1565 2092 1 260
1019 2865 1 170
833 1965 1 80
738 2285 1 0
1241 2596 1 170
2164 2665 1 210
1290 2866 1 170
1297 2831 1 0
874 1885 1 260
748 1932 1 210
1180 2845 1 0
824 2863 1 170
776 2141 1 0
1106 2167 1 0
819 1908 1 80
775 1729 1 350
1975 2698 1 170
852 2742 1 350
964 2316 1 260
1212 2805 1 0
908 2196 1 300
700 1849 1 170
763 1928 1 210
1516 2836 1 30
1449 2453 1 80
1041 2515 1 170
1209 2820 1 350
940 2836 1 350
1172 2788 1 350
1051 2499 1 170
812 2341 1 0
1052 2457 1 210
1042 2197 1 0
916 2458 1 0
865 2461 1 0
1267 1850 1 260
755 2495 1 30
858 1844 1 260
1289 2695 1 350
817 2454 1 350
691 2764 1 0
748 2309 1 0
716 2156 1 0
781 1962 1 260
859 2507 1 0
1012 2179 1 0
1282 2508 1 170
1301 2596 1 350
842 1743 1 0
750 1917 1 350
587 2063 1 0
882 2534 1 350
1090 2069 1 80
1526 2555 1 350
1140 1954 1 350
1227 2717 1 260
578 2284 1 350
1091 2682 1 350
1090 2857 1 0
856 2448 1 0
537 2612 1 0
619 2035 1 0
1030 1870 1 0
1284 2540 1 350
1482 2813 1 260
977 2444 1 170
1567 1831 1 260
834 2556 1 0
1830 2436 1 170
1711 2592 1 300
1097 2361 1 0
583 2449 1 80
1991 2817 1 30
914 2420 1 0
1766 2630 1 350
1291 2383 1 170
639 1948 1 0
1144 2637 1 280
1255 2515 1 260
965 1918 1 210
938 2741 1 170
888 1861 1 80
1122 2742 1 170
1574 2297 1 80
1547 2822 1 80
1543 2206 1 30
2493 2780 1 0
1093 2803 1 170
1139 1877 1 0
1862 2693 1 80
763 1907 1 170
873 2610 1 0
1862 2764 1 260
1209 2725 1 0
1053 1995 1 80
1362 2716 1 260
948 1720 1 350
1164 2467 1 170
643 2460 1 260
1498 2464 1 80
1536 2512 1 80
1508 2646 1 350
1530 2782 1 0
772 2242 1 0
1082 2726 1 0
1545 2794 1 0
891 2684 1 300
561 2436 1 350
882 2073 1 30
1157 2484 1 170
1495 2488 1 30
1553 2643 1 350
821 1760 1 170
1500 2678 1 350
1065 2791 1 260
1441 2866 1 170
1498 2523 1 80
940 2596 1 0
849 1989 1 300
697 1729 1 350
746 2259 1 0
707 2800 1 170
916 2530 1 170
675 2212 1 0
1636 2761 1 170
556 2742 1 0
929 2222 1 210
1303 1790 1 80
1509 2717 1 30
969 2603 1 260
1116 2875 1 170
949 2443 1 0
889 2206 1 30
1468 1732 1 350
523 2135 1 260
1210 2639 1 170
1460 2132 1 350
1673 1731 1 350
1332 1811 1 260
981 2752 1 350
1514 1865 1 350
732 2307 1 0
770 2045 1 80
882 2420 1 0
2147 2611 1 30
1128 1967 1 0
2507 2827 1 300
1123 2483 1 170
1241 2444 1 0
594 2747 1 0
1236 2470 1 260
1258 2696 1 350
1370 2741 1 350
1194 2461 1 170
839 1855 1 30
1783 2000 1 260
907 2015 1 170
1490 2789 1 80
1332 2429 1 0
953 2204 1 170
740 2787 1 80
1298 2844 1 0
1301 2592 1 170
738 2365 1 0
3470 592 1 170
3303 872 1 340
3492 382 1 340
3414 382 1 170
3576 1322 1 220
3548 734 1 60
3268 864 1 340
3545 749 1 250
3450 1053 1 330
3458 693 1 60
3458 693 1 80
3491 305 1 90
3472 553 1 230
3536 748 1 90
3280 598 1 280
3270 1572 1 320
3576 1260 1 70
3304 1215 1 90
3322 1193 1 90
3321 1013 1 90
3577 1602 1 200
3614 1531 1 0
3609 743 1 150
3442 438 1 220
3489 829 1 80
3489 829 1 350
3576 1559 1 200
3354 1316 1 80
3401 517 1 50
3462 350 1 240
3462 350 1 280
3537 1520 1 180
3574 1240 1 10
3574 1240 1 60
3603 910 1 320
3365 431 1 260
3431 408 1 270
3409 686 1 310
594 2277 1 30
838 2741 1 350
882 2812 1 260
722 2591 1 260
849 1805 1 300
1382 2716 1 260
677 2533 1 120
677 2533 1 350
997 2451 1 30
997 2451 1 170
1751 2569 1 170
795 2573 1 80
795 2573 1 210
795 2573 1 260
803 2723 1 260
1528 2758 1 170
1016 2562 1 260
1016 2562 1 300
1850 2678 1 350
1866 2766 1 350
1553 2777 1 260
1553 2777 1 300
1553 2777 1 350
1547 2559 1 120
908 2196 1 80
763 1928 1 170
1516 2836 1 80
1301 2596 1 170
750 1917 1 260
1766 2630 1 80
965 1918 1 170
1543 2206 1 170
643 2460 1 350
891 2684 1 120
882 2073 1 350
1157 2484 1 150
1495 2488 1 80
821 1760 1 30
821 1760 1 80
1636 2761 1 350
929 2222 1 170
1514 1865 1 300
2507 2827 1 350
1490 2789 1 300
