310
909 3643 19.7098
766 3626 19.4787
756 3590 19.0644
699 3373 19.0026
503 3502 17.9708
766 3587 17.5538
1069 3502 17.1540
696 3485 17.0937
649 3494 16.9762
890 3712 16.4596
393 3537 16.2292
639 3547 16.0792
559 3543 15.8364
935 3648 15.7836
992 3689 15.6857
870 3362 15.4506
880 3694 15.4113
676 3552 15.2935
727 3588 15.2874
619 3546 15.2868
591 3537 15.2736
720 3478 15.1582
699 3552 15.0524
584 3542 15.0486
583 3509 14.9535
751 3440 14.7011
979 3335 14.6418
373 3522 14.6095
564 3533 14.3849
863 3344 14.0746
1312 3619 14.0150
740 3450 13.8657
707 3554 13.6953
731 3590 13.6638
349 3497 13.6331
532 3532 13.5887
733 3591 13.5760
427 3517 13.5541
418 3522 13.4810
588 3519 13.4688
635 3692 13.4399
937 3678 13.3390
699 3510 13.2978
627 3696 13.1258
468 3495 13.0908
393 3521 12.8925
990 3670 12.8893
1313 3388 12.8757
988 3347 12.8597
601 3319 12.8545
1326 3622 12.7535
370 3514 12.6746
481 3497 12.6503
531 3467 12.5169
598 3327 12.5134
356 3511 12.4517
557 3519 12.3757
549 3524 12.3581
690 3559 12.3166
573 3544 12.3128
604 3508 12.3057
702 3571 12.2786
663 3505 12.2608
714 3551 12.2560
732 3340 12.1027
691 3561 12.0975
684 3503 12.0842
685 3498 12.0610
686 3496 12.0605
748 3448 12.0296
688 3493 11.9425
901 3652 11.9374
1307 3633 11.8804
348 3530 11.8622
704 3463 11.8347
1036 3479 11.8305
410 3532 11.7775
347 3532 11.7100
1048 3544 11.6879
777 3624 11.6653
912 3297 11.6092
618 3498 11.5677
610 3299 11.4983
566 3677 11.3705
331 3525 11.3704
942 3677 11.3429
702 3464 11.3239
954 3670 11.3039
780 3623 11.1858
744 3658 11.1324
329 3480 11.1181
642 3502 11.0826
932 3654 11.0565
702 3477 11.0513
567 3519 11.0506
486 3496 11.0262
678 3501 10.9674
311 3532 10.9669
1320 3384 10.9199
341 3529 10.9135
700 3480 10.8929
611 3307 10.8899
380 3539 10.8858
392 3483 10.8742
1298 3635 10.8237
393 3489 10.8190
724 3452 10.7736
949 3305 10.6947
445 3490 10.6663
887 3644 10.6349
745 3668 10.6315
687 3484 10.6174
638 3507 10.5644
1310 3400 10.5382
953 3306 10.5014
377 3513 10.4152
973 3317 10.4104
890 3645 10.3304
1318 3616 10.3009
360 3502 10.3001
959 3666 10.2765
546 3533 10.2753
1138 3533 10.2323
646 3509 10.2102
875 3641 10.1813
613 3306 10.1671
982 3714 10.1633
950 3725 10.1614
868 3297 10.0992
988 3710 10.0978
854 3311 10.0712
736 3437 10.0335
978 3717 10.0174
682 3489 10.0121
1325 3363 9.9923
528 3398 9.9218
589 3685 9.8950
518 3402 9.8659
872 3640 9.8561
1113 3473 9.8528
566 3528 9.8192
481 3512 9.7711
455 3519 9.7456
342 3513 9.7097
876 3689 9.6790
947 3674 9.6723
967 3661 9.6602
958 3308 9.6599
369 3477 9.6561
563 3667 9.6135
716 3338 9.6123
440 3490 9.6055
605 3310 9.5864
764 3638 9.5517
371 3474 9.5493
309 3542 9.5474
589 3552 9.5328
960 3309 9.4567
715 3460 9.4563
1276 3424 9.4534
523 3400 9.3950
603 3499 9.3908
680 3492 9.3879
526 3399 9.3843
710 3366 9.3503
963 3310 9.3195
759 3604 9.3178
323 3521 9.3013
1154 3536 9.2872
735 3336 9.2851
713 3463 9.2676
995 3705 9.2603
524 3459 9.2327
969 3314 9.2312
521 3401 9.1719
973 3720 9.1388
728 3353 9.1337
720 3359 9.0998
707 3343 8.9518
1113 3524 8.9162
465 3601 8.9034
569 3687 8.8613
571 3688 8.8597
1101 3519 8.8538
658 3696 8.7891
958 3596 8.7705
642 3559 8.7650
1147 3463 8.7634
564 3303 8.7509
855 3315 8.7244
580 3304 8.7077
370 3501 8.6992
966 3312 8.6969
925 3614 8.6919
996 3693 8.6743
372 3536 8.6394
411 3437 8.6311
1088 3488 8.6299
592 3291 8.6171
516 3513 8.6153
643 3489 8.5948
666 3542 8.5691
863 3327 8.5354
586 3664 8.5221
1167 3456 8.5110
1190 3448 8.4837
834 3584 8.4777
985 3661 8.4542
524 3643 8.4131
523 3641 8.4110
517 3353 8.3992
988 3664 8.3919
531 3397 8.3517
463 3600 8.3351
949 3602 8.3065
664 3541 8.2851
568 3516 8.2299
353 3538 8.1998
751 3571 8.1399
699 3465 8.1170
686 3573 8.1087
608 3323 8.1064
470 3513 8.0855
524 3340 8.0788
714 3470 8.0014
710 3589 8.0006
1060 3471 8.0003
1179 3452 7.9990
672 3500 7.9915
977 3469 7.9763
1280 3337 7.9644
597 3697 7.9361
1225 3439 7.9300
461 3599 7.9193
359 3541 7.9112
520 3637 7.8845
774 3706 7.8783
952 3600 7.8722
557 3307 7.8630
534 3396 7.8623
1074 3506 7.8589
525 3338 7.8409
519 3635 7.8018
1077 3509 7.7729
336 3531 7.7719
606 3316 7.7533
559 3665 7.7354
962 3457 7.7345
694 3579 7.6888
673 3483 7.6830
683 3544 7.6715
529 3331 7.6698
770 3595 7.6416
569 3514 7.6415
973 3466 7.6405
692 3578 7.6349
714 3324 7.6339
311 3547 7.6299
597 3674 7.6105
760 3577 7.5988
726 3483 7.5831
1071 3547 7.5721
322 3542 7.5641
721 3460 7.5295
715 3468 7.5146
1080 3495 7.4879
737 3562 7.4404
724 3299 7.4391
644 3517 7.4322
1193 3439 7.4264
640 3697 7.3628
718 3493 7.3453
979 3357 7.3408
816 3634 7.3408
628 3517 7.3317
830 3445 7.3240
409 3484 7.3059
715 3496 7.2918
963 3593 7.2821
662 3556 7.2739
1163 3447 7.2589
569 3300 7.2308
362 3498 7.2165
289 3526 7.2092
949 3447 7.1854
732 3559 7.1458
1339 3384 7.1314
571 3299 7.1236
634 3557 7.1060
404 3404 7.1051
414 3540 7.1033
604 3517 7.0769
1075 3548 7.0584
630 3371 7.0552
745 3567 7.0209
1160 3448 7.0114
739 3563 6.9881
1261 3329 6.9644
1285 3633 6.9508
549 3546 6.9400
1293 3629 6.9349
946 3445 6.8976
1264 3328 6.8826
756 3574 6.8488
754 3602 6.8439
566 3380 6.8411
984 3473 6.8315
743 3604 6.8268
1301 3400 6.8138
941 3442 6.7759
