91
767 3626 476870837350170624.0000
870 3362 469895947900420096.0000
1069 3502 389692037852561408.0000
935 3648 362467580193013760.0000
905 3647 348490313502818304.0000
979 3335 340823865598935040.0000
995 3699 324091532007178240.0000
731 3347 302281791157305344.0000
785 3618 270759703322034176.0000
700 3373 232981325605240832.0000
382 3588 193247535177924608.0000
937 3678 181460306671697920.0000
401 3598 147583099289468928.0000
754 3710 144970917359910912.0000
396 3406 141881452894617600.0000
983 3664 138562130369576960.0000
988 3347 137369357821935616.0000
393 3536 106187130748796928.0000
718 3323 99348503431479296.0000
707 3537 95231605479571456.0000
782 3379 91908288634945536.0000
422 3563 90532215473045504.0000
764 3583 79612596130414592.0000
397 3566 78940725806366720.0000
649 3494 78050860122243072.0000
492 3507 76937475750100992.0000
512 3402 75991887160279040.0000
888 3676 74244041629237248.0000
687 3512 74210154337271808.0000
410 3532 74110055829471232.0000
966 3584 73766595884744704.0000
459 3594 73756743229767680.0000
380 3539 72835223636672512.0000
1230 3433 72006625661026304.0000
713 3551 71421767079428096.0000
1221 3554 71055393484177408.0000
1031 3545 66151421300441088.0000
557 3518 65051785118613504.0000
784 3711 63852299537088512.0000
1036 3480 63299936678051840.0000
1048 3543 62241111275470848.0000
469 3515 58760697412059136.0000
867 3151 58545304802164736.0000
650 3287 54261903853092864.0000
642 3660 52126463293390848.0000
514 3530 51844060603744256.0000
1318 3617 51812784651894784.0000
291 3514 51586646033825792.0000
805 3264 51457556496777216.0000
709 3265 51111794449580032.0000
288 3487 50931075110666240.0000
589 3554 49114776390860800.0000
1000 3649 47926436249468928.0000
598 3519 47837968513105920.0000
729 3287 45826149997084672.0000
364 3580 44785492306165760.0000
580 3503 44631762541740032.0000
342 3513 42126430808571904.0000
736 3333 41885659236925440.0000
591 3538 41281919979094016.0000
678 3695 41048746204594176.0000
485 3584 40936407040000000.0000
503 3423 40670144837451776.0000
506 3584 40049981624680448.0000
1302 3622 37790468049731584.0000
521 3625 37652805757960192.0000
788 3598 36766968753160192.0000
705 3474 36217998918287360.0000
882 3658 33603459051683840.0000
1047 3645 33389037104398336.0000
360 3422 32087118700347392.0000
373 3523 32072941013303296.0000
642 3560 31003949423132672.0000
383 3418 30564617218424832.0000
890 3709 29830630929858560.0000
393 3472 29469877299314688.0000
526 3510 28773074690113536.0000
380 3469 28464653088587776.0000
804 3614 28407579415674880.0000
657 3698 28370917574836224.0000
927 3415 27179182261796864.0000
810 3424 27062898169741312.0000
681 3567 26917165634420736.0000
755 3606 26652735235424256.0000
472 3541 26545805582139392.0000
739 3636 26454518199746560.0000
1310 3400 26424376119263232.0000
349 3487 26210991406579712.0000
779 3499 25689032621031424.0000
843 3694 24698885892997120.0000
1168 3630 23853320649048064.0000
