178
604 2154 251969908596801536.0000
545 2344 244904567135797248.0000
601 2134 242074578824724480.0000
576 2267 239313911285809152.0000
556 1983 229238725463244800.0000
528 1980 226597921871626240.0000
573 950 226583061284782080.0000
627 2139 225779455723831296.0000
592 949 225410140075982848.0000
628 1164 223167875089694720.0000
624 2126 217917329109942272.0000
519 2391 213785330053021696.0000
644 1061 208537670291292160.0000
573 933 207258680570150912.0000
617 1958 206885155854352384.0000
575 969 205433061771313152.0000
609 1087 203475501577142272.0000
627 1131 199696531652083712.0000
574 1013 197794273456816128.0000
594 1168 193734928066674688.0000
632 1016 193470031663726592.0000
558 2290 192327312664952832.0000
580 1071 191284322806792192.0000
610 1121 191143155821707264.0000
628 1145 190403854511112192.0000
626 982 189542438690357248.0000
594 1132 189232960526876672.0000
643 1018 186810753590755328.0000
593 1071 185899636408451072.0000
614 987 183987242090364928.0000
642 2155 181981080046272512.0000
574 996 181624013645152256.0000
571 2201 178095131075805184.0000
580 1027 177156749441105920.0000
570 1967 175727607663296512.0000
575 1169 174982327758225408.0000
562 2303 173475240913928192.0000
575 1098 172415535043051520.0000
509 1999 171447191716495360.0000
592 1013 169006550780739584.0000
616 1165 167081821316579328.0000
562 2181 167022413328941056.0000
552 1999 165791338262953984.0000
608 948 162762011929739264.0000
532 1997 160787563924160512.0000
554 1970 160709532958326784.0000
460 2311 158702219862999040.0000
642 961 157366966070280192.0000
641 2119 157360746957635584.0000
479 2358 155684610200567808.0000
593 1087 154766810049150976.0000
536 2124 154482208336248832.0000
627 1034 154309172693827584.0000
592 968 149421431191502848.0000
660 2149 148391085717061632.0000
573 2287 148174344487436288.0000
598 1028 145749749549498368.0000
615 1000 145584788445593600.0000
581 865 144341103355625472.0000
518 2431 142199847410204672.0000
593 1185 140841100146376704.0000
659 2130 139731942022053888.0000
644 1085 138340449927561216.0000
592 933 138010493360013312.0000
581 1184 137702544204890112.0000
581 1111 137031455564890112.0000
624 884 135534075346681856.0000
662 1087 135484743352320000.0000
542 2167 133681235045122048.0000
591 1040 132620807619739648.0000
585 2248 132194454806200320.0000
650 1001 132077537206468608.0000
644 1101 130181841721229312.0000
593 1106 130078401728872448.0000
590 894 126838080832274432.0000
453 2268 123643415438032896.0000
661 950 123251413772926976.0000
592 1057 121590833387405312.0000
627 1100 120429869367558144.0000
625 933 118813381116297216.0000
581 1127 118153450801332224.0000
579 911 117667973467996160.0000
625 911 116870930617073664.0000
649 973 116296513100972032.0000
443 2214 115907835740553216.0000
526 2080 115734456500748288.0000
660 2114 114601435538128896.0000
609 1147 114361888032161792.0000
592 995 113751478690119680.0000
651 1964 112301995947196416.0000
454 2228 109957742667497472.0000
560 2147 109799696460939264.0000
581 1152 109655187991298048.0000
615 1066 105989055447040000.0000
521 2049 104765694142316544.0000
629 1084 104763967565463552.0000
649 987 103741464701304832.0000
614 961 103243781070913536.0000
625 961 101486624050774016.0000
581 2224 100207325091987456.0000
573 890 98443330483912704.0000
680 2215 97409067999297536.0000
614 916 96451754148757504.0000
589 878 96172126007984128.0000
662 1018 95877946518011904.0000
460 2251 92975957375188992.0000
662 1065 92839377415176192.0000
613 898 89498279405944832.0000
664 1522 89490058838540288.0000
608 1046 89442951637237760.0000
661 969 88952870098960384.0000
662 1048 88723879622606848.0000
593 1964 87593281021542400.0000
615 1101 86656986740948992.0000
650 1048 86236810090381312.0000
591 911 83495384004952064.0000
807 1253 82144032674807808.0000
687 1942 80056429460848640.0000
871 1271 78511211896897536.0000
563 2135 78157237872230400.0000
440 2287 76525966343536640.0000
646 1718 75981854116675584.0000
450 2381 73219142173327360.0000
477 2036 72728313310740480.0000
458 2343 72539592447754240.0000
873 1259 70018755882647552.0000
614 1016 67178030153334784.0000
796 1318 65796425073557504.0000
648 1976 64145194831839232.0000
650 1689 63387596960563200.0000
684 2230 61299542775037952.0000
699 1690 60412335675670528.0000
691 1980 56429681221566464.0000
889 1292 56272541253107712.0000
565 2336 55713697288421376.0000
889 1314 51983423702564864.0000
684 2285 50440770234089472.0000
699 1726 50015319363682304.0000
869 1327 49946913419558912.0000
444 2171 49528806943227904.0000
724 1686 46860111833989120.0000
815 1435 44738913385840640.0000
496 1905 44594211642671104.0000
898 1267 42934090818650112.0000
684 2123 42791721242722304.0000
454 2088 42626450901172224.0000
775 1125 41649556294729728.0000
554 2424 41494400601161728.0000
526 1816 41375116474449920.0000
812 1492 39326378419552256.0000
550 1943 39291494695174144.0000
631 1746 38880350360829952.0000
522 1795 38446021793021952.0000
517 1921 38352185347538944.0000
576 1863 37274492153626624.0000
647 1547 36069745237164032.0000
902 1310 35754967084040192.0000
821 1122 35717837091766272.0000
521 1946 35307848103624704.0000
560 2407 34481908712734720.0000
581 2398 34328221897981952.0000
439 2116 34234196473937920.0000
737 1609 33316153656868864.0000
541 1851 32959540374798336.0000
683 1519 32800081123999744.0000
848 1232 32227506148868096.0000
660 1602 32098360777244672.0000
691 1546 32048953620955136.0000
555 1927 31515503650406400.0000
577 1918 31316925837475840.0000
730 1652 31212188764995584.0000
490 1846 30704665364529152.0000
540 1867 30452507834580992.0000
555 2383 30287651957374976.0000
542 2450 29797834559586304.0000
841 1269 29521320270102528.0000
546 2368 29451441152196608.0000
497 2017 29268630164209664.0000
