190
619 924 19.1651
621 1109 18.5278
585 983 18.1862
586 1048 17.6420
622 1159 17.5689
621 1092 17.2200
586 1008 17.1950
620 1022 17.1656
619 943 16.5356
587 1092 16.5050
529 2384 16.2970
655 1056 16.2862
620 1075 16.2362
654 955 16.0719
543 2167 15.8779
620 952 15.8362
586 973 15.7923
619 907 15.5370
585 1065 15.4385
587 1102 15.0753
568 2256 15.0695
621 1058 14.6817
656 1023 14.4243
686 1974 14.3301
627 2139 14.0991
548 1966 14.0703
655 965 14.0414
582 940 13.9731
588 1173 13.7538
659 2130 13.3197
545 2344 13.3121
525 2080 13.1404
610 943 13.0256
653 1013 12.9379
618 933 12.8696
519 2390 12.8650
626 1125 12.8497
651 1959 12.7960
654 1031 12.7882
576 2267 12.6469
479 2357 12.6067
618 1012 12.5288
571 2201 12.4738
626 1067 12.4398
586 884 12.4177
645 955 12.4170
561 2182 12.3029
580 1173 12.2281
624 1083 12.1214
580 894 12.0577
682 2210 12.0129
556 1983 12.0117
558 2290 11.9561
624 2126 11.9458
554 1970 11.9316
652 1968 11.9289
577 1093 11.9243
655 1968 11.8967
579 1000 11.8539
443 2214 11.7744
579 928 11.6855
521 2049 11.6615
649 1065 11.5817
660 2149 11.5446
939 1278 11.4714
640 2120 11.3463
582 877 11.3215
590 1127 11.1990
646 1718 11.1452
647 2149 11.1384
581 1033 11.0910
613 1126 11.0909
454 2268 11.0567
652 1082 11.0425
572 1996 11.0245
687 1967 10.9990
512 2041 10.9944
657 1082 10.9880
622 977 10.8986
627 1012 10.8832
558 2340 10.8320
536 2115 10.7737
534 2127 10.7503
564 2310 10.7388
583 1128 10.7128
590 894 10.7028
535 2125 10.6200
453 2227 10.5878
626 1029 10.5649
587 928 10.5575
560 2147 10.5569
623 915 10.5528
615 961 10.5453
625 961 10.5374
659 973 10.5363
651 973 10.5056
655 1974 10.5045
555 2172 10.4989
596 1974 10.4374
867 1263 10.4217
651 1090 10.3924
834 1078 10.3749
629 1074 10.3318
660 1048 10.2903
692 1940 10.2728
648 1081 10.2308
610 953 10.2295
576 1103 10.2291
684 2230 10.1899
617 1030 10.0441
798 1339 10.0390
590 1057 10.0385
625 1117 10.0193
699 1726 9.9844
532 1894 9.9496
649 1975 9.9481
589 991 9.8956
576 2277 9.8844
940 1266 9.8638
536 2089 9.8266
616 1066 9.7675
661 1065 9.7644
658 1039 9.6704
645 966 9.6030
592 1111 9.5232
484 2364 9.4966
590 1148 9.4957
682 2201 9.4483
615 977 9.3997
581 1057 9.1618
810 1491 9.1524
577 2216 9.0835
650 1048 9.0457
929 1348 9.0357
620 1132 9.0322
508 2036 9.0321
588 919 9.0032
465 2080 8.7973
280 2538 8.7746
930 1351 8.7724
587 903 8.7549
644 1948 8.7335
933 1361 8.6841
653 1073 8.6320
576 876 8.6312
612 1050 8.6220
646 1949 8.5931
591 2261 8.5457
931 1290 8.5351
607 2254 8.5289
590 1119 8.5286
931 1354 8.5161
590 1180 8.4492
617 969 8.4425
658 1074 8.4271
683 2192 8.4117
654 1982 8.3968
590 1993 8.2540
927 1343 8.2012
614 932 8.1638
594 2260 8.1469
580 975 8.0213
641 1984 8.0170
653 1047 7.9603
1042 2342 7.9540
526 2390 7.9342
623 969 7.9289
539 2367 7.9258
1119 2315 7.9255
696 1954 7.9228
820 1706 7.9209
657 982 7.9168
622 890 7.8331
494 2015 7.7787
652 982 7.6950
502 2421 7.4707
542 1981 7.3176
456 2384 7.3050
601 2129 7.2174
584 1119 7.1778
661 1013 7.1689
580 1042 7.1262
459 2384 7.0615
591 975 7.0504
1046 2347 7.0388
926 1340 6.9711
604 1984 6.9153
807 1758 6.9074
499 2004 6.8115
623 1005 6.7715
